0.4626329830986763 1457.3840567743262 5.9075583537644425 0 0.06348335043021763
0.6402435306502454 1448.7998950909446 19.998503134031655 0 0.7985204697373685
0.23076151842778692 1396.3166157484934 14.949606964559187 0 0.7208243423767382
0.4900978915738959 1375.8226287523532 9.165499995389554 0 0.710540317603402
0.1690809653232338 1348.3171189110863 7.1446359673266695 0 0.9989797346478115
0.049434972612264795 1341.4113422702915 11.54498833453093 0 0.9940066649646238
0.054397422199419544 1322.180217650794 17.83502343540925 0 0.0007638338205179229
0.02115814196953754 1307.2489882951538 5.174663663147107 0 0.9797757132247304
0.4435802201918323 1285.3136105153305 19.570248508095574 0 0.36604232269888953
0.21832039780374066 1253.8312270834958 17.268404241000862 0 0.16727684221824718
0.08555836965580066 1231.734234106062 19.99040981676883 0 0.9945413512166864
0.002875327351848112 1225.5908108405993 2.284548561269389 0 0.8005642146483347
0.05187944067077478 1217.1140740407222 19.96575953779525 0 0.7659036439469556
0.030749004749702664 1162.9999386590437 14.939928473385738 0 0.8268506514474714
0.20062065448921648 1130.6195661884392 8.889738875648026 0 0.4671767350357628
0.1410553508366972 1116.6136166310612 11.677090359871142 0 0.0004565328556709325
0.4020590081522857 1094.7231699306697 9.320216972741882 0 0.9414933393572599
0.2842735888548257 1069.753855154058 15.666733833963738 0 0.9881921288602378
0.6256721829066683 1051.1752744199007 7.6461355784469385 0 0.3632515930739022
0.17659200604600306 1042.8735356481916 15.04939556233224 0 0.07597812360548173
0.9982698388859027 1025.5019078073972 10.091760402330573 0 0.6156036993913359
0.25330075802499946 1004.4191876567043 19.997254290261612 0 0.24107166546916642
