0.13748850822453734 1021.6796393857148 12.0 0 1.0
0.4123074275017279 1051.663085692282 12.0 0 1.0
0.0816858657101437 1095.0797692222259 12.0 0 1.0
0.46395701080483565 1130.1862470546366 12.0 0 1.0
0.35820400691630283 1167.8268860518874 12.0 0 1.0
0.30638847258259194 1231.9469218660888 12.0 0 1.0
0.19344178370292803 1263.8173359769717 12.0 0 1.0
0.2520332800732503 1287.6382711565893 12.0 0 1.0
0.18457489990713105 1306.1155684452679 12.0 0 1.0
0.5943277403658742 1350.8132626010192 12.0 0 1.0
0.31511961818805045 1376.991951713244 12.0 0 1.0
0.5393710388861905 1403.084807776173 12.0 0 1.0
0.681019775805483 1442.06039254371 12.0 0 1.0
0.9902721928158011 1460.1858608792827 12.0 0 1.0
