0.1525358327853159 1014.6791753693202 9.267429058364117 0 0.7824308633973933
0.08142237355913974 1031.2828291480562 6.478759468140585 0 0.404732205253143
0.13531537486243583 1045.9354486321165 6.536648727818693 0 0.48059280422549805
0.18734971732473876 1065.9763978237147 6.224373664940265 0 0.5670229752144548
0.15326768750307376 1076.6957687014535 8.659500464203326 0 0.38126285177078756
0.028037264627564108 1117.0048665539873 11.134335478339562 0 0.004721934741470646
0.04951867897218185 1136.702219653863 9.759405578388918 0 0.10692060052829988
0.1545626442920226 1156.5457765170627 9.150024301046766 0 0.42252897432830316
0.1855018165965824 1186.9288818650477 7.548631182448809 0 0.9460243579396859
0.005938443142225875 1222.7816969737228 8.705647885494193 0 0.49433715949658547
0.18809116298370077 1258.4831415464134 12.137459877043636 0 0.6055121778525898
0.0283945245440226 1279.590107069481 13.055318092614453 0 0.12112735996462265
0.11133529213719395 1289.4673824590598 7.276603886032001 0 0.9996704552884919
0.06441490391248787 1309.4009345702304 4.715149479189939 0 0.6645264726751021
0.13482769917902582 1316.517809231863 11.983101376986163 0 0.6689711236137997
0.06378716649350248 1333.0961629139879 6.106574018590965 0 0.36457581087518376
0.04653944955158429 1344.7656332359468 13.918432278192256 0 0.0009043361072476053
0.25250897547700174 1379.0217192540388 9.653449673151577 0 0.8284235234436841
0.23234464182298256 1384.5593549274813 5.822630760875904 0 0.1692151578064801
0.07867422427949888 1403.8532240900593 18.986471811246076 0 0.4150220339866184
0.0643111141652869 1413.867017713587 6.332493941508782 0 0.10406285215520877
0.13104535253972985 1433.3813872455812 7.433330606327269 0 0.6160611285166524
0.6289744818176236 1455.5761276866956 9.381370388288046 0 0.35774041418873714
0.3245154727046189 1481.9043605370375 9.164703783286033 0 0.8950633304899486
0.6543011185467941 1501.0727637315142 10.172772609646625 0 0.9999533275885691
0.9070724291824002 1699.386472863693 10.061602397318667 0 0.9730836978566784
