9.010000000000000000e+02 3.059992689311957781e-02
9.020000000000000000e+02 3.498659163054029103e-02
9.030000000000000000e+02 4.037936069020945512e-02
9.040000000000000000e+02 4.661966262574549630e-02
9.050000000000000000e+02 5.398070011564903847e-02
9.060000000000000000e+02 6.317388704995249848e-02
9.070000000000000000e+02 7.409179030370983965e-02
9.080000000000000000e+02 8.515840026451257372e-02
9.090000000000000000e+02 9.495876909093085849e-02
9.100000000000000000e+02 1.022073727982096419e-01
9.110000000000000000e+02 1.053112859919909106e-01
9.120000000000000000e+02 1.076728451795247177e-01
9.130000000000000000e+02 1.153333289923216681e-01
9.140000000000000000e+02 1.322143789103286671e-01
9.150000000000000000e+02 1.611043016328055633e-01
9.160000000000000000e+02 2.036219663982501982e-01
9.170000000000000000e+02 2.544002465825264681e-01
9.180000000000000000e+02 2.942271640754032802e-01
9.190000000000000000e+02 3.043930667006033985e-01
9.200000000000000000e+02 2.908712843991446140e-01
9.210000000000000000e+02 2.758200040852052393e-01
9.220000000000000000e+02 2.726068509834648768e-01
9.230000000000000000e+02 2.810020969676044200e-01
9.240000000000000000e+02 2.969519017025303298e-01
9.250000000000000000e+02 3.237357913188409486e-01
9.260000000000000000e+02 3.728654933395502136e-01
9.270000000000000000e+02 4.536231447235947734e-01
9.280000000000000000e+02 5.625294195816427090e-01
9.290000000000000000e+02 6.624039449497592935e-01
9.300000000000000000e+02 6.922197950457854576e-01
9.310000000000000000e+02 6.527973875848335217e-01
9.320000000000000000e+02 5.905756600627208863e-01
9.330000000000000000e+02 5.102830625823427946e-01
9.340000000000000000e+02 4.140472354720948767e-01
9.350000000000000000e+02 3.271328538599495572e-01
9.360000000000000000e+02 2.605589359029286678e-01
9.370000000000000000e+02 2.115627014683399421e-01
9.380000000000000000e+02 1.755995458138709109e-01
9.390000000000000000e+02 1.491811759805364290e-01
9.400000000000000000e+02 1.313324205504441677e-01
9.410000000000000000e+02 1.214323012281177533e-01
9.420000000000000000e+02 1.176727656250380755e-01
9.430000000000000000e+02 1.175095937343275942e-01
9.440000000000000000e+02 1.206622101397366725e-01
9.450000000000000000e+02 1.292724390151771818e-01
9.460000000000000000e+02 1.427142110909322137e-01
9.470000000000000000e+02 1.565382826461227395e-01
9.480000000000000000e+02 1.658978899504608973e-01
9.490000000000000000e+02 1.644875644097985590e-01
9.500000000000000000e+02 1.528502906322763699e-01
9.510000000000000000e+02 1.401982304809496760e-01
9.520000000000000000e+02 1.294289753331278325e-01
9.530000000000000000e+02 1.169899162688241845e-01
9.540000000000000000e+02 1.007827415608062299e-01
9.550000000000000000e+02 8.442839468739576914e-02
9.560000000000000000e+02 7.178977388471803611e-02
9.570000000000000000e+02 6.332413347767502920e-02
9.580000000000000000e+02 5.803006440996457543e-02
9.590000000000000000e+02 5.526637906835309144e-02
9.600000000000000000e+02 5.495438968994974943e-02
9.610000000000000000e+02 5.727900499238690324e-02
9.620000000000000000e+02 6.275085702085161921e-02
9.630000000000000000e+02 7.237759669378464322e-02
9.640000000000000000e+02 8.768064037116549136e-02
9.650000000000000000e+02 1.100134386219948635e-01
9.660000000000000000e+02 1.379605590166028406e-01
9.670000000000000000e+02 1.633865949450560850e-01
9.680000000000000000e+02 1.747345508752735921e-01
9.690000000000000000e+02 1.660706422523259562e-01
9.700000000000000000e+02 1.411995808020600207e-01
9.710000000000000000e+02 1.135636577522493168e-01
9.720000000000000000e+02 9.232296569596287750e-02
9.730000000000000000e+02 7.810448265228898956e-02
9.740000000000000000e+02 6.843460817216365233e-02
9.750000000000000000e+02 6.136745770308386916e-02
9.760000000000000000e+02 5.596299123985815083e-02
9.770000000000000000e+02 5.234383824422515069e-02
9.780000000000000000e+02 5.104699735619114276e-02
9.790000000000000000e+02 5.234851026127396167e-02
9.800000000000000000e+02 5.662328781812975276e-02
9.810000000000000000e+02 6.447603199031916310e-02
9.820000000000000000e+02 7.593617054908831376e-02
9.830000000000000000e+02 8.914147730852363394e-02
9.840000000000000000e+02 1.013073249781573232e-01
9.850000000000000000e+02 1.107029462577290013e-01
9.860000000000000000e+02 1.150130400859394886e-01
9.870000000000000000e+02 1.154067760248968788e-01
9.880000000000000000e+02 1.172566867913254485e-01
9.890000000000000000e+02 1.216838184156623787e-01
9.900000000000000000e+02 1.214238409944073532e-01
9.910000000000000000e+02 1.101310957282937708e-01
9.920000000000000000e+02 9.229225297849301402e-02
9.930000000000000000e+02 7.553222743776411008e-02
9.940000000000000000e+02 6.339380797027409364e-02
9.950000000000000000e+02 5.606963786055757515e-02
9.960000000000000000e+02 5.209995327021434836e-02
9.970000000000000000e+02 4.904173581934224285e-02
9.980000000000000000e+02 4.525860854337026423e-02
9.990000000000000000e+02 4.128174923348917891e-02
1.000000000000000000e+03 3.789265371782169628e-02
1.001000000000000000e+03 3.526370553781753986e-02
1.002000000000000000e+03 3.335679945845625161e-02
1.003000000000000000e+03 3.226827981938416162e-02
1.004000000000000000e+03 3.204884942612735987e-02
1.005000000000000000e+03 3.238989035760606039e-02
1.006000000000000000e+03 3.251034308640725345e-02
1.007000000000000000e+03 3.190071012518110039e-02
1.008000000000000000e+03 3.110257262811112408e-02
1.009000000000000000e+03 3.077632537370337054e-02
1.010000000000000000e+03 3.109948515229955107e-02
1.011000000000000000e+03 3.195520677641899843e-02
1.012000000000000000e+03 3.309456810501707619e-02
1.013000000000000000e+03 3.440781505333575380e-02
1.014000000000000000e+03 3.610089490634726256e-02
1.015000000000000000e+03 3.842727369834391532e-02
1.016000000000000000e+03 4.154907231847360799e-02
1.017000000000000000e+03 4.558462336240610979e-02
1.018000000000000000e+03 5.067598462636938028e-02
1.019000000000000000e+03 5.717140173504387662e-02
1.020000000000000000e+03 6.575899806151283555e-02
1.021000000000000000e+03 7.751434683980500118e-02
1.022000000000000000e+03 9.404147573712148822e-02
1.023000000000000000e+03 1.175681663727204118e-01
1.024000000000000000e+03 1.506567711837350498e-01
1.025000000000000000e+03 1.942598861432378032e-01
1.026000000000000000e+03 2.426961840764544909e-01
1.027000000000000000e+03 2.812560153648389627e-01
1.028000000000000000e+03 2.973247394255347786e-01
1.029000000000000000e+03 2.941808367563782389e-01
1.030000000000000000e+03 2.744428884101564603e-01
1.031000000000000000e+03 2.382034515367862093e-01
1.032000000000000000e+03 1.997642434670104938e-01
1.033000000000000000e+03 1.718126551427772430e-01
1.034000000000000000e+03 1.561603550372250293e-01
1.035000000000000000e+03 1.498104709062412776e-01
1.036000000000000000e+03 1.499727322123722562e-01
1.037000000000000000e+03 1.553904492351660116e-01
1.038000000000000000e+03 1.662880019902790163e-01
1.039000000000000000e+03 1.834368290920578848e-01
1.040000000000000000e+03 2.083620225272943549e-01
1.041000000000000000e+03 2.420230489682677621e-01
1.042000000000000000e+03 2.817943904692939983e-01
1.043000000000000000e+03 3.271621588872195563e-01
1.044000000000000000e+03 3.855854941315836060e-01
1.045000000000000000e+03 4.654587974213582613e-01
1.046000000000000000e+03 5.661291331816603600e-01
1.047000000000000000e+03 6.771127469017539369e-01
1.048000000000000000e+03 7.965218616374414307e-01
1.049000000000000000e+03 9.143340402042111625e-01
1.050000000000000000e+03 9.917118411723401250e-01
1.051000000000000000e+03 1.000000000000000000e+00
1.052000000000000000e+03 9.095606073078644771e-01
1.053000000000000000e+03 7.368720011446456830e-01
1.054000000000000000e+03 5.612939869299105045e-01
1.055000000000000000e+03 4.279393066258466716e-01
1.056000000000000000e+03 3.378564214244423325e-01
1.057000000000000000e+03 2.800990462490615118e-01
1.058000000000000000e+03 2.453581660257320440e-01
1.059000000000000000e+03 2.278815940917591487e-01
1.060000000000000000e+03 2.243655959766247820e-01
1.061000000000000000e+03 2.320131793070094595e-01
1.062000000000000000e+03 2.473129820255533795e-01
1.063000000000000000e+03 2.702222255278093899e-01
1.064000000000000000e+03 3.087118060865666758e-01
1.065000000000000000e+03 3.715398915814231984e-01
1.066000000000000000e+03 4.555666913600932566e-01
1.067000000000000000e+03 5.294759951854408619e-01
1.068000000000000000e+03 5.429508473179032180e-01
1.069000000000000000e+03 4.930288601591341635e-01
1.070000000000000000e+03 4.269352520257143069e-01
1.071000000000000000e+03 3.710666923175295895e-01
1.072000000000000000e+03 3.306634730462779670e-01
1.073000000000000000e+03 3.095706113675190108e-01
1.074000000000000000e+03 3.100040941552316132e-01
1.075000000000000000e+03 3.338358480436741105e-01
1.076000000000000000e+03 3.851049953345981880e-01
1.077000000000000000e+03 4.686799105730409809e-01
1.078000000000000000e+03 5.740070893524585882e-01
1.079000000000000000e+03 6.544663265551673437e-01
1.080000000000000000e+03 6.566563886081664414e-01
1.081000000000000000e+03 5.744497160993978779e-01
1.082000000000000000e+03 4.518755752451616425e-01
1.083000000000000000e+03 3.404426335264425507e-01
1.084000000000000000e+03 2.583246490132664053e-01
1.085000000000000000e+03 2.017196641597540085e-01
1.086000000000000000e+03 1.629585043854405169e-01
1.087000000000000000e+03 1.361407847824210315e-01
1.088000000000000000e+03 1.173790607697605265e-01
1.089000000000000000e+03 1.042079040129601647e-01
1.090000000000000000e+03 9.510489576308311932e-02
1.091000000000000000e+03 8.912801526719184297e-02
1.092000000000000000e+03 8.555326277121973189e-02
1.093000000000000000e+03 8.378055622794468305e-02
1.094000000000000000e+03 8.346156637439761106e-02
1.095000000000000000e+03 8.406074652558327698e-02
1.096000000000000000e+03 8.523517857922847940e-02
1.097000000000000000e+03 8.786125875773485860e-02
1.098000000000000000e+03 9.318951888556217811e-02
1.099000000000000000e+03 1.021661917331395525e-01
1.100000000000000000e+03 1.157540356215053384e-01
1.101000000000000000e+03 1.353622375496427999e-01
1.102000000000000000e+03 1.620294406778866880e-01
1.103000000000000000e+03 1.921669698523947589e-01
1.104000000000000000e+03 2.154680042745981683e-01
1.105000000000000000e+03 2.278160609068101417e-01
1.106000000000000000e+03 2.406801954824353273e-01
1.107000000000000000e+03 2.679074810446485100e-01
1.108000000000000000e+03 3.168771515294050434e-01
1.109000000000000000e+03 3.838498784148521303e-01
1.110000000000000000e+03 4.452879033078154802e-01
1.111000000000000000e+03 4.769295740440828157e-01
1.112000000000000000e+03 4.944404731025365818e-01
1.113000000000000000e+03 5.188049577892118736e-01
1.114000000000000000e+03 5.372366392123909540e-01
1.115000000000000000e+03 5.467465823263703006e-01
1.116000000000000000e+03 5.766975941015244356e-01
1.117000000000000000e+03 6.355252904249288903e-01
1.118000000000000000e+03 6.731492372844554151e-01
1.119000000000000000e+03 6.310357421290422320e-01
1.120000000000000000e+03 5.329215423431333809e-01
1.121000000000000000e+03 4.312077596425694659e-01
1.122000000000000000e+03 3.459194821003440667e-01
1.123000000000000000e+03 2.791318914804591933e-01
1.124000000000000000e+03 2.287039224185549169e-01
1.125000000000000000e+03 1.918436903220009371e-01
1.126000000000000000e+03 1.630498165307993907e-01
1.127000000000000000e+03 1.367766636811486580e-01
1.128000000000000000e+03 1.131771782036327945e-01
1.129000000000000000e+03 9.424896799309860629e-02
1.130000000000000000e+03 7.998381156576253592e-02
1.131000000000000000e+03 6.938516893093436833e-02
1.132000000000000000e+03 6.149620140891058628e-02
1.133000000000000000e+03 5.562773682915679585e-02
1.134000000000000000e+03 5.129877757646977843e-02
1.135000000000000000e+03 4.809383859071864747e-02
1.136000000000000000e+03 4.561520747263192455e-02
1.137000000000000000e+03 4.371926951984025228e-02
1.138000000000000000e+03 4.259612055235600242e-02
1.139000000000000000e+03 4.246004782476817119e-02
1.140000000000000000e+03 4.338084830911878575e-02
1.141000000000000000e+03 4.537358582610780816e-02
1.142000000000000000e+03 4.862089013885324829e-02
1.143000000000000000e+03 5.327079839975828318e-02
1.144000000000000000e+03 5.878478761637991740e-02
1.145000000000000000e+03 6.438390724529012565e-02
1.146000000000000000e+03 7.109548651254296581e-02
1.147000000000000000e+03 8.095405070111957868e-02
1.148000000000000000e+03 9.386418415219878464e-02
1.149000000000000000e+03 1.050428270262620534e-01
1.150000000000000000e+03 1.071880958573717957e-01
1.151000000000000000e+03 9.858994360561589010e-02
1.152000000000000000e+03 8.600370374482255165e-02
1.153000000000000000e+03 7.610329192848069857e-02
1.154000000000000000e+03 6.953804382534405082e-02
1.155000000000000000e+03 6.429388475140347670e-02
1.156000000000000000e+03 5.966768236052371471e-02
1.157000000000000000e+03 5.656543356325834798e-02
1.158000000000000000e+03 5.567733049670799128e-02
1.159000000000000000e+03 5.646302681371380416e-02
1.160000000000000000e+03 5.837695145259978735e-02
1.161000000000000000e+03 6.025506319115689347e-02
1.162000000000000000e+03 5.900949862869318829e-02
1.163000000000000000e+03 5.420830778378553372e-02
1.164000000000000000e+03 4.928924181947752503e-02
1.165000000000000000e+03 4.625631555860067884e-02
1.166000000000000000e+03 4.517271343179540127e-02
1.167000000000000000e+03 4.640234274147619215e-02
1.168000000000000000e+03 5.087897246416206443e-02
1.169000000000000000e+03 5.961749493062426519e-02
1.170000000000000000e+03 7.313310684588643362e-02
1.171000000000000000e+03 8.894894316021866032e-02
1.172000000000000000e+03 9.888691203811794672e-02
1.173000000000000000e+03 9.692068607879847364e-02
1.174000000000000000e+03 8.810471947803180659e-02
1.175000000000000000e+03 7.712973902195353892e-02
1.176000000000000000e+03 6.427189085912002331e-02
1.177000000000000000e+03 5.175200446902473994e-02
1.178000000000000000e+03 4.180099267138408931e-02
1.179000000000000000e+03 3.469362465921353028e-02
1.180000000000000000e+03 2.983751822843353635e-02
1.181000000000000000e+03 2.660638050327492760e-02
1.182000000000000000e+03 2.457991420901425514e-02
1.183000000000000000e+03 2.353460572347143911e-02
1.184000000000000000e+03 2.339829496021254146e-02
1.185000000000000000e+03 2.424155258604446250e-02
1.186000000000000000e+03 2.628902764255879043e-02
1.187000000000000000e+03 2.987467944852130117e-02
1.188000000000000000e+03 3.507371204714179042e-02
1.189000000000000000e+03 4.052990548808176746e-02
1.190000000000000000e+03 4.277208418363116771e-02
1.191000000000000000e+03 4.030376779778318402e-02
1.192000000000000000e+03 3.640178464967974703e-02
1.193000000000000000e+03 3.425774837333597778e-02
1.194000000000000000e+03 3.494142777579302417e-02
1.195000000000000000e+03 3.843490118911671583e-02
1.196000000000000000e+03 4.331818830846622531e-02
1.197000000000000000e+03 4.554765184276864110e-02
1.198000000000000000e+03 4.181215424095618971e-02
1.199000000000000000e+03 3.468094083382697312e-02
1.200000000000000000e+03 2.807696623343470047e-02
1.201000000000000000e+03 2.324273291475183884e-02
1.202000000000000000e+03 1.994108917075225473e-02
1.203000000000000000e+03 1.770495978418601402e-02
1.204000000000000000e+03 1.617637947264763398e-02
1.205000000000000000e+03 1.512248280701869278e-02
1.206000000000000000e+03 1.439717704696811748e-02
1.207000000000000000e+03 1.390868021810515165e-02
1.208000000000000000e+03 1.359871815038441074e-02
1.209000000000000000e+03 1.343006112489963759e-02
1.210000000000000000e+03 1.337915827432299525e-02
1.211000000000000000e+03 1.343178906723471906e-02
1.212000000000000000e+03 1.358052485809690957e-02
1.213000000000000000e+03 1.382332653152765212e-02
1.214000000000000000e+03 1.416291816471852011e-02
1.215000000000000000e+03 1.460677022935455427e-02
1.216000000000000000e+03 1.516766220460331709e-02
1.217000000000000000e+03 1.586491204474388406e-02
1.218000000000000000e+03 1.672647118559028590e-02
1.219000000000000000e+03 1.779212136396766605e-02
1.220000000000000000e+03 1.911764297232310811e-02
1.221000000000000000e+03 2.077865599915064421e-02
1.222000000000000000e+03 2.287579670982457097e-02
1.223000000000000000e+03 2.556395412570990414e-02
1.224000000000000000e+03 2.911250834837075807e-02
1.225000000000000000e+03 3.392450009230950358e-02
1.226000000000000000e+03 4.048064414461541999e-02
1.227000000000000000e+03 4.913185795281168472e-02
1.228000000000000000e+03 5.994848999599260153e-02
1.229000000000000000e+03 7.325133542495507188e-02
1.230000000000000000e+03 8.852037379818422647e-02
1.231000000000000000e+03 1.010611766071735224e-01
1.232000000000000000e+03 1.061874656489773389e-01
1.233000000000000000e+03 1.073869154024161277e-01
1.234000000000000000e+03 1.108624808008275703e-01
1.235000000000000000e+03 1.194069128258076207e-01
1.236000000000000000e+03 1.310940817122529800e-01
1.237000000000000000e+03 1.415570697445991122e-01
1.238000000000000000e+03 1.461942996579646825e-01
1.239000000000000000e+03 1.403961149081529303e-01
1.240000000000000000e+03 1.261916974707922856e-01
1.241000000000000000e+03 1.126353516836415686e-01
1.242000000000000000e+03 1.040834201227133909e-01
1.243000000000000000e+03 9.852796044311661061e-02
1.244000000000000000e+03 9.505684125145846819e-02
1.245000000000000000e+03 9.594566606219814831e-02
1.246000000000000000e+03 1.031932230577230492e-01
1.247000000000000000e+03 1.178279576185201349e-01
1.248000000000000000e+03 1.402827574154530965e-01
1.249000000000000000e+03 1.713496873583720548e-01
1.250000000000000000e+03 2.119706088375618858e-01
1.251000000000000000e+03 2.561020903478894439e-01
1.252000000000000000e+03 2.828709688603845418e-01
1.253000000000000000e+03 2.771711586524176485e-01
1.254000000000000000e+03 2.526360477683187722e-01
1.255000000000000000e+03 2.271670185224814453e-01
1.256000000000000000e+03 2.108808803142729615e-01
1.257000000000000000e+03 2.086525247188258936e-01
1.258000000000000000e+03 2.228674298803159370e-01
1.259000000000000000e+03 2.487255970504482494e-01
1.260000000000000000e+03 2.650578095341509788e-01
1.261000000000000000e+03 2.517626544057386395e-01
1.262000000000000000e+03 2.213919935173246922e-01
1.263000000000000000e+03 1.956839153784532825e-01
1.264000000000000000e+03 1.789765916808879198e-01
1.265000000000000000e+03 1.663502018068651889e-01
1.266000000000000000e+03 1.565353446505511059e-01
1.267000000000000000e+03 1.497034724718489807e-01
1.268000000000000000e+03 1.426696378130195009e-01
1.269000000000000000e+03 1.361552642563946813e-01
1.270000000000000000e+03 1.352148189603984696e-01
1.271000000000000000e+03 1.428221007348968175e-01
1.272000000000000000e+03 1.588307281985623098e-01
1.273000000000000000e+03 1.795813708943181375e-01
1.274000000000000000e+03 2.013079284793927171e-01
1.275000000000000000e+03 2.262153837609165441e-01
1.276000000000000000e+03 2.601353670112858119e-01
1.277000000000000000e+03 3.048857035569904061e-01
1.278000000000000000e+03 3.485846391847713943e-01
1.279000000000000000e+03 3.605304966949132162e-01
1.280000000000000000e+03 3.279162017071098889e-01
1.281000000000000000e+03 2.820843603222887852e-01
1.282000000000000000e+03 2.478332210611638164e-01
1.283000000000000000e+03 2.215446843768360263e-01
1.284000000000000000e+03 1.934453775514169971e-01
1.285000000000000000e+03 1.648312831961993852e-01
1.286000000000000000e+03 1.401275282097377006e-01
1.287000000000000000e+03 1.199827814049879704e-01
1.288000000000000000e+03 1.039600618521253211e-01
1.289000000000000000e+03 9.211401586420797649e-02
1.290000000000000000e+03 8.484100889160807457e-02
1.291000000000000000e+03 8.110912016369641042e-02
1.292000000000000000e+03 7.827916207950604000e-02
1.293000000000000000e+03 7.582805113398279062e-02
1.294000000000000000e+03 7.561439182282052307e-02
1.295000000000000000e+03 7.688624866420624981e-02
1.296000000000000000e+03 7.540192077973220663e-02
1.297000000000000000e+03 6.901817886651012701e-02
1.298000000000000000e+03 6.080928272930779394e-02
1.299000000000000000e+03 5.453933162260277134e-02
1.300000000000000000e+03 5.149776698276202491e-02
1.301000000000000000e+03 5.130624221828303244e-02
1.302000000000000000e+03 5.274333207777111288e-02
1.303000000000000000e+03 5.428890764166192234e-02
1.304000000000000000e+03 5.470333150283802209e-02
1.305000000000000000e+03 5.413689012409889090e-02
1.306000000000000000e+03 5.444434881091982786e-02
1.307000000000000000e+03 5.742642091801011817e-02
1.308000000000000000e+03 6.388015022201538884e-02
1.309000000000000000e+03 7.391390125039297432e-02
1.310000000000000000e+03 8.718527315035545788e-02
1.311000000000000000e+03 1.006099682152428731e-01
1.312000000000000000e+03 1.056950879557784356e-01
1.313000000000000000e+03 9.820471799917303291e-02
1.314000000000000000e+03 8.508785092051394938e-02
1.315000000000000000e+03 7.389258084600774934e-02
1.316000000000000000e+03 6.764538390864650863e-02
1.317000000000000000e+03 6.693528199498206821e-02
1.318000000000000000e+03 7.191277003637319698e-02
1.319000000000000000e+03 8.288995433727863738e-02
1.320000000000000000e+03 9.910289781918873997e-02
1.321000000000000000e+03 1.155915754186595812e-01
1.322000000000000000e+03 1.242030942715724451e-01
1.323000000000000000e+03 1.232922188581828393e-01
1.324000000000000000e+03 1.182048366832669506e-01
1.325000000000000000e+03 1.148862748120243471e-01
1.326000000000000000e+03 1.178050883741293825e-01
1.327000000000000000e+03 1.264934979364843448e-01
1.328000000000000000e+03 1.322111546597649068e-01
1.329000000000000000e+03 1.238999861468593894e-01
1.330000000000000000e+03 1.036804677984218409e-01
1.331000000000000000e+03 8.253671693978999191e-02
1.332000000000000000e+03 6.598815015663297978e-02
1.333000000000000000e+03 5.440758512386604379e-02
1.334000000000000000e+03 4.682158526010408994e-02
1.335000000000000000e+03 4.223106855304779167e-02
1.336000000000000000e+03 3.993512506662397904e-02
1.337000000000000000e+03 3.950805775890728344e-02
1.338000000000000000e+03 4.061436660846017704e-02
1.339000000000000000e+03 4.301959723131321134e-02
1.340000000000000000e+03 4.695077968877398034e-02
1.341000000000000000e+03 5.254627222581860491e-02
1.342000000000000000e+03 5.864777676240063436e-02
1.343000000000000000e+03 6.344018606210541367e-02
1.344000000000000000e+03 6.637105763907324985e-02
1.345000000000000000e+03 6.647970871284653027e-02
1.346000000000000000e+03 6.219182549990700387e-02
1.347000000000000000e+03 5.521348401825230956e-02
1.348000000000000000e+03 4.864405410439075900e-02
1.349000000000000000e+03 4.390865063356834408e-02
1.350000000000000000e+03 4.086836142165476554e-02
1.351000000000000000e+03 3.884136489727971209e-02
1.352000000000000000e+03 3.740502836431385675e-02
1.353000000000000000e+03 3.667372153135846358e-02
1.354000000000000000e+03 3.664830998816031443e-02
1.355000000000000000e+03 3.691351982355729061e-02
1.356000000000000000e+03 3.764466706780894567e-02
1.357000000000000000e+03 3.970206696906664057e-02
1.358000000000000000e+03 4.382467808513793722e-02
1.359000000000000000e+03 5.030378777989368694e-02
1.360000000000000000e+03 5.816219083813192053e-02
1.361000000000000000e+03 6.416439504857956999e-02
1.362000000000000000e+03 6.595159465169186941e-02
1.363000000000000000e+03 6.628229770578164537e-02
1.364000000000000000e+03 6.950684780352044123e-02
1.365000000000000000e+03 7.769599031344884277e-02
1.366000000000000000e+03 9.001927917666020795e-02
1.367000000000000000e+03 1.015943213105965637e-01
1.368000000000000000e+03 1.053656709531213542e-01
1.369000000000000000e+03 1.014459808795180745e-01
1.370000000000000000e+03 9.702364502898731813e-02
1.371000000000000000e+03 9.628682993970406889e-02
1.372000000000000000e+03 1.008457221045447744e-01
1.373000000000000000e+03 1.124675776152220946e-01
1.374000000000000000e+03 1.319939404811089623e-01
1.375000000000000000e+03 1.581721459379196726e-01
1.376000000000000000e+03 1.845316530222650964e-01
1.377000000000000000e+03 1.993628849971413042e-01
1.378000000000000000e+03 2.018261893655617090e-01
1.379000000000000000e+03 2.007483199814712460e-01
1.380000000000000000e+03 1.979306758402117616e-01
1.381000000000000000e+03 1.917888338686598582e-01
1.382000000000000000e+03 1.838169041546349192e-01
1.383000000000000000e+03 1.783648808014774989e-01
1.384000000000000000e+03 1.758908277290839595e-01
1.385000000000000000e+03 1.675972937943313035e-01
1.386000000000000000e+03 1.485932094517227187e-01
1.387000000000000000e+03 1.272665429880125432e-01
1.388000000000000000e+03 1.112702562621677854e-01
1.389000000000000000e+03 1.019899157005057788e-01
1.390000000000000000e+03 9.861608963132459382e-02
1.391000000000000000e+03 1.007757675446426804e-01
1.392000000000000000e+03 1.088846362566396053e-01
1.393000000000000000e+03 1.240456875508203216e-01
1.394000000000000000e+03 1.477498642163873888e-01
1.395000000000000000e+03 1.799899797893673714e-01
1.396000000000000000e+03 2.154407548224206992e-01
1.397000000000000000e+03 2.461508267612545209e-01
1.398000000000000000e+03 2.726458599549125283e-01
1.399000000000000000e+03 3.000432583059456371e-01
1.400000000000000000e+03 3.312998738363506779e-01
1.401000000000000000e+03 3.624318978460276952e-01
1.402000000000000000e+03 3.758461219474046877e-01
1.403000000000000000e+03 3.564724570645880219e-01
1.404000000000000000e+03 3.181031035820083286e-01
1.405000000000000000e+03 2.813985006810955092e-01
1.406000000000000000e+03 2.569372200662930483e-01
1.407000000000000000e+03 2.491268928193591803e-01
1.408000000000000000e+03 2.586831245039131755e-01
1.409000000000000000e+03 2.851818246335122709e-01
1.410000000000000000e+03 3.259829305370877672e-01
1.411000000000000000e+03 3.693256653862683203e-01
1.412000000000000000e+03 3.944151278497509128e-01
1.413000000000000000e+03 3.903079442733237703e-01
1.414000000000000000e+03 3.657943391214561468e-01
1.415000000000000000e+03 3.366139395852579264e-01
1.416000000000000000e+03 3.056497386109938708e-01
1.417000000000000000e+03 2.750872848044795260e-01
1.418000000000000000e+03 2.532793681829418886e-01
1.419000000000000000e+03 2.451085407517317738e-01
1.420000000000000000e+03 2.524245657888858352e-01
1.421000000000000000e+03 2.777457113234353403e-01
1.422000000000000000e+03 3.235679224630615414e-01
1.423000000000000000e+03 3.915977581731573398e-01
1.424000000000000000e+03 4.828582632691419962e-01
1.425000000000000000e+03 5.863714270210188539e-01
1.426000000000000000e+03 6.669248675601802123e-01
1.427000000000000000e+03 7.062602989302302348e-01
1.428000000000000000e+03 7.344716237499762101e-01
1.429000000000000000e+03 7.733338300848235924e-01
1.430000000000000000e+03 7.873708428887649102e-01
1.431000000000000000e+03 7.127417069415490358e-01
1.432000000000000000e+03 5.714348574802432523e-01
1.433000000000000000e+03 4.364398276507530094e-01
1.434000000000000000e+03 3.387404082460495069e-01
1.435000000000000000e+03 2.757124777925121228e-01
1.436000000000000000e+03 2.369960282379943162e-01
1.437000000000000000e+03 2.122574472544429547e-01
1.438000000000000000e+03 1.907364674875372534e-01
1.439000000000000000e+03 1.675402827902565395e-01
1.440000000000000000e+03 1.469387247945671826e-01
1.441000000000000000e+03 1.316116160929768075e-01
1.442000000000000000e+03 1.185421866831495447e-01
1.443000000000000000e+03 1.043487399253842235e-01
1.444000000000000000e+03 9.019259635006489362e-02
1.445000000000000000e+03 7.870813177391099147e-02
1.446000000000000000e+03 7.062932878185898544e-02
1.447000000000000000e+03 6.563122246463737319e-02
1.448000000000000000e+03 6.340513877835131373e-02
1.449000000000000000e+03 6.393649889925237528e-02
1.450000000000000000e+03 6.725675829342295242e-02
1.451000000000000000e+03 7.247506015423858805e-02
1.452000000000000000e+03 7.660096428215361353e-02
1.453000000000000000e+03 7.618899953914273770e-02
1.454000000000000000e+03 7.157008750025486976e-02
1.455000000000000000e+03 6.587594789249577587e-02
1.456000000000000000e+03 6.075268487271978657e-02
1.457000000000000000e+03 5.597037320528257254e-02
1.458000000000000000e+03 5.097049535710476004e-02
1.459000000000000000e+03 4.642854563708439380e-02
1.460000000000000000e+03 4.306836746078576694e-02
1.461000000000000000e+03 4.077493141989690928e-02
1.462000000000000000e+03 3.920129959512233531e-02
1.463000000000000000e+03 3.825542658207152502e-02
1.464000000000000000e+03 3.793849619263356399e-02
1.465000000000000000e+03 3.820924371405076680e-02
1.466000000000000000e+03 3.902776307213198792e-02
1.467000000000000000e+03 4.039023102711217228e-02
1.468000000000000000e+03 4.233710680457284520e-02
1.469000000000000000e+03 4.495787504095255516e-02
1.470000000000000000e+03 4.840239147455140806e-02
1.471000000000000000e+03 5.290382144923738705e-02
1.472000000000000000e+03 5.881959852208397399e-02
1.473000000000000000e+03 6.670117758291572996e-02
1.474000000000000000e+03 7.740793043921649630e-02
1.475000000000000000e+03 9.227333735201136145e-02
1.476000000000000000e+03 1.132632584423556438e-01
1.477000000000000000e+03 1.427943415071433464e-01
1.478000000000000000e+03 1.821399302570463341e-01
1.479000000000000000e+03 2.269500130748672295e-01
1.480000000000000000e+03 2.631952391553734616e-01
1.481000000000000000e+03 2.738376688414106419e-01
1.482000000000000000e+03 2.598266006308500575e-01
1.483000000000000000e+03 2.418350154995859702e-01
1.484000000000000000e+03 2.352418258299165954e-01
1.485000000000000000e+03 2.439067044870387724e-01
1.486000000000000000e+03 2.645066214643798097e-01
1.487000000000000000e+03 2.911751382929406162e-01
1.488000000000000000e+03 3.261119902578180074e-01
1.489000000000000000e+03 3.725388043068581512e-01
1.490000000000000000e+03 4.144753496333662413e-01
1.491000000000000000e+03 4.335844662388327886e-01
1.492000000000000000e+03 4.469447022565404826e-01
1.493000000000000000e+03 4.836184346041475512e-01
1.494000000000000000e+03 5.498185747820201197e-01
1.495000000000000000e+03 6.283746995606040997e-01
1.496000000000000000e+03 6.881224962454268734e-01
1.497000000000000000e+03 7.073367074446872405e-01
1.498000000000000000e+03 6.962943189334327432e-01
1.499000000000000000e+03 6.687271699506328604e-01
1.500000000000000000e+03 6.301430085292416550e-01
1.501000000000000000e+03 5.864582843163258508e-01
1.502000000000000000e+03 5.397320499882255485e-01
1.503000000000000000e+03 4.944576515855238497e-01
1.504000000000000000e+03 4.567103859982388769e-01
1.505000000000000000e+03 4.164043145503872334e-01
1.506000000000000000e+03 3.673091120319154079e-01
1.507000000000000000e+03 3.257405943204261245e-01
1.508000000000000000e+03 3.078311825060516260e-01
1.509000000000000000e+03 3.180403630871511678e-01
1.510000000000000000e+03 3.514263346735847504e-01
1.511000000000000000e+03 3.912667023668942590e-01
1.512000000000000000e+03 4.138769416783571464e-01
1.513000000000000000e+03 4.005669461385399921e-01
1.514000000000000000e+03 3.454601989417310781e-01
1.515000000000000000e+03 2.720296770691102983e-01
1.516000000000000000e+03 2.080761185109663847e-01
1.517000000000000000e+03 1.611970421902685635e-01
1.518000000000000000e+03 1.280015113504496260e-01
1.519000000000000000e+03 1.039100580436688043e-01
1.520000000000000000e+03 8.584481788512143829e-02
1.521000000000000000e+03 7.210181454036242166e-02
1.522000000000000000e+03 6.157239588321623130e-02
1.523000000000000000e+03 5.339711306306749172e-02
1.524000000000000000e+03 4.693532276214822802e-02
1.525000000000000000e+03 4.173130205600414366e-02
1.526000000000000000e+03 3.746597917996909166e-02
1.527000000000000000e+03 3.391516670337264144e-02
1.528000000000000000e+03 3.091890257928448307e-02
1.529000000000000000e+03 2.836075090626711051e-02
1.530000000000000000e+03 2.615423067149803826e-02
1.531000000000000000e+03 2.423389318082449020e-02
1.532000000000000000e+03 2.254936080911112972e-02
1.533000000000000000e+03 2.106126370619105723e-02
1.534000000000000000e+03 1.973841360781765364e-02
1.535000000000000000e+03 1.855580020050246956e-02
1.536000000000000000e+03 1.749314541425722042e-02
1.537000000000000000e+03 1.653384336747127162e-02
1.538000000000000000e+03 1.566417159565266018e-02
1.539000000000000000e+03 1.487269621560354319e-02
1.540000000000000000e+03 1.414981779981298003e-02
1.541000000000000000e+03 1.348742074372829419e-02
1.542000000000000000e+03 1.287859971365058233e-02
1.543000000000000000e+03 1.231744417273836038e-02
1.544000000000000000e+03 1.179886713922826888e-02
1.545000000000000000e+03 1.131846796895895867e-02
1.546000000000000000e+03 1.087242155366522148e-02
1.547000000000000000e+03 1.045738820590058973e-02
1.548000000000000000e+03 1.007043987536005748e-02
1.549000000000000000e+03 9.708999356188198135e-03
1.550000000000000000e+03 9.370789901717248641e-03
1.551000000000000000e+03 9.053793232707623220e-03
1.552000000000000000e+03 8.756214357555485231e-03
1.553000000000000000e+03 8.476451953807279116e-03
1.554000000000000000e+03 8.213073315444867697e-03
1.555000000000000000e+03 7.964793068539793158e-03
1.556000000000000000e+03 7.730455012800886878e-03
1.557000000000000000e+03 7.509016568464329730e-03
1.558000000000000000e+03 7.299535404517138761e-03
1.559000000000000000e+03 7.101157901135612613e-03
1.560000000000000000e+03 6.913109160799255602e-03
1.561000000000000000e+03 6.734684332118402554e-03
1.562000000000000000e+03 6.565241050530681508e-03
1.563000000000000000e+03 6.404192832639225320e-03
1.564000000000000000e+03 6.251003287608348363e-03
1.565000000000000000e+03 6.105181030890413814e-03
1.566000000000000000e+03 5.966275203565977493e-03
1.567000000000000000e+03 5.833871515475918049e-03
1.568000000000000000e+03 5.707588742694587672e-03
1.569000000000000000e+03 5.587075620203868671e-03
1.570000000000000000e+03 5.472008079253044659e-03
1.571000000000000000e+03 5.362086786128769135e-03
1.572000000000000000e+03 5.257034945156636822e-03
1.573000000000000000e+03 5.156596333906513820e-03
1.574000000000000000e+03 5.060533542939425929e-03
1.575000000000000000e+03 4.968626396144042341e-03
1.576000000000000000e+03 4.880670530874007228e-03
1.577000000000000000e+03 4.796476119801161217e-03
1.578000000000000000e+03 4.715866718717441446e-03
1.579000000000000000e+03 4.638678226510165037e-03
1.580000000000000000e+03 4.564757945251755357e-03
1.581000000000000000e+03 4.493963729827666308e-03
1.582000000000000000e+03 4.426163217810272742e-03
1.583000000000000000e+03 4.361233131401182420e-03
1.584000000000000000e+03 4.299058644234378217e-03
1.585000000000000000e+03 4.239532806678995153e-03
1.586000000000000000e+03 4.182556024020387710e-03
1.587000000000000000e+03 4.128035582547069995e-03
1.588000000000000000e+03 4.075885219141183076e-03
1.589000000000000000e+03 4.026024730472749572e-03
1.590000000000000000e+03 3.978379618341916502e-03
1.591000000000000000e+03 3.932880768106953619e-03
1.592000000000000000e+03 3.889464157485558911e-03
1.593000000000000000e+03 3.848070593329168225e-03
1.594000000000000000e+03 3.808645474249358794e-03
1.595000000000000000e+03 3.771138577226649993e-03
1.596000000000000000e+03 3.735503866558966771e-03
1.597000000000000000e+03 3.701699323713066470e-03
1.598000000000000000e+03 3.669686796830354432e-03
1.599000000000000000e+03 3.639431868811567657e-03
1.600000000000000000e+03 3.610903743064975812e-03
1.601000000000000000e+03 3.584075146152426467e-03
1.602000000000000000e+03 3.558922246708565423e-03
1.603000000000000000e+03 3.535424590142956323e-03
1.604000000000000000e+03 3.513565048764078456e-03
1.605000000000000000e+03 3.493329787090290392e-03
1.606000000000000000e+03 3.474708242237108374e-03
1.607000000000000000e+03 3.457693119394472572e-03
1.608000000000000000e+03 3.442280402533385349e-03
1.609000000000000000e+03 3.428469380610395158e-03
1.610000000000000000e+03 3.416262689672289101e-03
1.611000000000000000e+03 3.405666371404239730e-03
1.612000000000000000e+03 3.396689948814197394e-03
1.613000000000000000e+03 3.389346519907078005e-03
1.614000000000000000e+03 3.383652870376504824e-03
1.615000000000000000e+03 3.379629606532277408e-03
1.616000000000000000e+03 3.377301309891682715e-03
1.617000000000000000e+03 3.376696715095548525e-03
1.618000000000000000e+03 3.377848913069791351e-03
1.619000000000000000e+03 3.380795581644939051e-03
1.620000000000000000e+03 3.385579246174946419e-03
1.621000000000000000e+03 3.392247573069367278e-03
1.622000000000000000e+03 3.400853699576743445e-03
1.623000000000000000e+03 3.411456603641055754e-03
1.624000000000000000e+03 3.424121518207581035e-03
1.625000000000000000e+03 3.438920394991889715e-03
1.626000000000000000e+03 3.455932423460759614e-03
1.627000000000000000e+03 3.475244611624097018e-03
1.628000000000000000e+03 3.496952436223361906e-03
1.629000000000000000e+03 3.521160571049946220e-03
1.630000000000000000e+03 3.547983703466624141e-03
1.631000000000000000e+03 3.577547450773345666e-03
1.632000000000000000e+03 3.609989389899785715e-03
1.633000000000000000e+03 3.645460216075150067e-03
1.634000000000000000e+03 3.684125048686878647e-03
1.635000000000000000e+03 3.726164905574970605e-03
1.636000000000000000e+03 3.771778370616952428e-03
1.637000000000000000e+03 3.821183483762951704e-03
1.638000000000000000e+03 3.874619887832792681e-03
1.639000000000000000e+03 3.932351272576938180e-03
1.640000000000000000e+03 3.994668163966749730e-03
1.641000000000000000e+03 4.061891115713883553e-03
1.642000000000000000e+03 4.134374370997937788e-03
1.643000000000000000e+03 4.212510075779796540e-03
1.644000000000000000e+03 4.296733141499594656e-03
1.645000000000000000e+03 4.387526875175141658e-03
1.646000000000000000e+03 4.485429519923940685e-03
1.647000000000000000e+03 4.591041880015797778e-03
1.648000000000000000e+03 4.705036243398372751e-03
1.649000000000000000e+03 4.828166863417874578e-03
1.650000000000000000e+03 4.961282323071008332e-03
1.651000000000000000e+03 5.105340183406491261e-03
1.652000000000000000e+03 5.261424417765954431e-03
1.653000000000000000e+03 5.430766262306524657e-03
1.654000000000000000e+03 5.614769280024684353e-03
1.655000000000000000e+03 5.815039653074805318e-03
1.656000000000000000e+03 6.033423004148667085e-03
1.657000000000000000e+03 6.272049426531507189e-03
1.658000000000000000e+03 6.533388908528170447e-03
1.659000000000000000e+03 6.820320019945582887e-03
1.660000000000000000e+03 7.136215655936412397e-03
1.661000000000000000e+03 7.485050907661326344e-03
1.662000000000000000e+03 7.871539897656845003e-03
1.663000000000000000e+03 8.301310899452957540e-03
1.664000000000000000e+03 8.781132584515299530e-03
1.665000000000000000e+03 9.319209304997241178e-03
1.666000000000000000e+03 9.925570699731276272e-03
1.667000000000000000e+03 1.061259181233980761e-02
1.668000000000000000e+03 1.139569625882242386e-02
1.669000000000000000e+03 1.229431989278018979e-02
1.670000000000000000e+03 1.333325102171074687e-02
1.671000000000000000e+03 1.454452413796282484e-02
1.672000000000000000e+03 1.597014206234117356e-02
1.673000000000000000e+03 1.766606199757372875e-02
1.674000000000000000e+03 1.970814973412730181e-02
1.675000000000000000e+03 2.220126511012441434e-02
1.676000000000000000e+03 2.529344011917384824e-02
1.677000000000000000e+03 2.919852058415003254e-02
1.678000000000000000e+03 3.423314436803026606e-02
1.679000000000000000e+03 4.087829411819062647e-02
1.680000000000000000e+03 4.988270254101189599e-02
1.681000000000000000e+03 6.243366845967176365e-02
1.682000000000000000e+03 8.041425700552491673e-02
1.683000000000000000e+03 1.066568680898395821e-01
1.684000000000000000e+03 1.445257993098832960e-01
1.685000000000000000e+03 1.941971067500225800e-01
1.686000000000000000e+03 2.415567783880854524e-01
1.687000000000000000e+03 2.544326849099639576e-01
1.688000000000000000e+03 2.224745042722711674e-01
1.689000000000000000e+03 1.752354974500134333e-01
1.690000000000000000e+03 1.366408574078846749e-01
1.691000000000000000e+03 1.112958057033147513e-01
1.692000000000000000e+03 9.674242428355012136e-02
1.693000000000000000e+03 9.023037951202589335e-02
1.694000000000000000e+03 9.015837017046261781e-02
1.695000000000000000e+03 9.609101319498329630e-02
1.696000000000000000e+03 1.086684081814806857e-01
1.697000000000000000e+03 1.296181124610386037e-01
1.698000000000000000e+03 1.616573234410633719e-01
1.699000000000000000e+03 2.078151459821823976e-01
1.700000000000000000e+03 2.700847087206859065e-01
1.701000000000000000e+03 3.479618668964135075e-01
1.702000000000000000e+03 4.306367488952406730e-01
1.703000000000000000e+03 4.801966175234106404e-01
1.704000000000000000e+03 4.617736665661357764e-01
1.705000000000000000e+03 3.975366214451010460e-01
1.706000000000000000e+03 3.307264669099381216e-01
1.707000000000000000e+03 2.826875883584721305e-01
1.708000000000000000e+03 2.498542711286062534e-01
1.709000000000000000e+03 2.163645125668565983e-01
1.710000000000000000e+03 1.751853463072825523e-01
1.711000000000000000e+03 1.353357342921517326e-01
1.712000000000000000e+03 1.040274074204280558e-01
1.713000000000000000e+03 8.143085329148086471e-02
1.714000000000000000e+03 6.534548075098499387e-02
1.715000000000000000e+03 5.368640959699136350e-02
1.716000000000000000e+03 4.498264395517733577e-02
1.717000000000000000e+03 3.831837060146116997e-02
1.718000000000000000e+03 3.308664679123390212e-02
1.719000000000000000e+03 2.885354217619303177e-02
1.720000000000000000e+03 2.537268024149302165e-02
1.721000000000000000e+03 2.250328051382345998e-02
1.722000000000000000e+03 2.012508326154127322e-02
1.723000000000000000e+03 1.813401997364388549e-02
1.724000000000000000e+03 1.644852383611786900e-02
1.725000000000000000e+03 1.500698227352041843e-02
1.726000000000000000e+03 1.376282082616490238e-02
1.727000000000000000e+03 1.268037134387496601e-02
1.728000000000000000e+03 1.173189904934163891e-02
1.729000000000000000e+03 1.089552581249599028e-02
1.730000000000000000e+03 1.015377010697558410e-02
1.731000000000000000e+03 9.492503565985055056e-03
1.732000000000000000e+03 8.900191761786141117e-03
1.733000000000000000e+03 8.367332365577540357e-03
1.734000000000000000e+03 7.886032983863335705e-03
1.735000000000000000e+03 7.449689603528426678e-03
1.736000000000000000e+03 7.052738676641755883e-03
1.737000000000000000e+03 6.690463884984792706e-03
1.738000000000000000e+03 6.358844031785188845e-03
1.739000000000000000e+03 6.054432227622337861e-03
1.740000000000000000e+03 5.774259139664766199e-03
1.741000000000000000e+03 5.515754922065779949e-03
1.742000000000000000e+03 5.276685777009866747e-03
1.743000000000000000e+03 5.055102067271304532e-03
1.744000000000000000e+03 4.849295617843676388e-03
1.745000000000000000e+03 4.657764378552626747e-03
1.746000000000000000e+03 4.479183021817456124e-03
1.747000000000000000e+03 4.312378355242006342e-03
1.748000000000000000e+03 4.156308662681064588e-03
1.749000000000000000e+03 4.010046267986088799e-03
1.750000000000000000e+03 3.872762755983166338e-03
1.751000000000000000e+03 3.743716395071192572e-03
1.752000000000000000e+03 3.622241392332883631e-03
1.753000000000000000e+03 3.507738680592088591e-03
1.754000000000000000e+03 3.399667991468098040e-03
1.755000000000000000e+03 3.297541012235253796e-03
1.756000000000000000e+03 3.200915459533617679e-03
1.757000000000000000e+03 3.109389931491119211e-03
1.758000000000000000e+03 3.022599423000074583e-03
1.759000000000000000e+03 2.940211407821721138e-03
1.760000000000000000e+03 2.861922406717147625e-03
1.761000000000000000e+03 2.787454973586310936e-03
1.762000000000000000e+03 2.716555042163654784e-03
1.763000000000000000e+03 2.648989584586279589e-03
1.764000000000000000e+03 2.584544540451107295e-03
1.765000000000000000e+03 2.523022981077373619e-03
1.766000000000000000e+03 2.464243478804556409e-03
1.767000000000000000e+03 2.408038655456372704e-03
1.768000000000000000e+03 2.354253887729515927e-03
1.769000000000000000e+03 2.302746150335180982e-03
1.770000000000000000e+03 2.253382980326090225e-03
1.771000000000000000e+03 2.206041548257584028e-03
1.772000000000000000e+03 2.160607823722004387e-03
1.773000000000000000e+03 2.116975824412491072e-03
1.774000000000000000e+03 2.075046939258845275e-03
1.775000000000000000e+03 2.034729317369807829e-03
1.776000000000000000e+03 1.995937315542801235e-03
1.777000000000000000e+03 1.958590997988703033e-03
1.778000000000000000e+03 1.922615682686418161e-03
1.779000000000000000e+03 1.887941529447328178e-03
1.780000000000000000e+03 1.854503165347870129e-03
1.781000000000000000e+03 1.822239343691953390e-03
1.782000000000000000e+03 1.791092633104167170e-03
1.783000000000000000e+03 1.761009133738671191e-03
1.784000000000000000e+03 1.731938217924892465e-03
1.785000000000000000e+03 1.703832292866148826e-03
1.786000000000000000e+03 1.676646583266503407e-03
1.787000000000000000e+03 1.650338931989428666e-03
1.788000000000000000e+03 1.624869617052995211e-03
1.789000000000000000e+03 1.600201183444107658e-03
1.790000000000000000e+03 1.576298288391455747e-03
1.791000000000000000e+03 1.553127558876135758e-03
1.792000000000000000e+03 1.530657460282493698e-03
1.793000000000000000e+03 1.508858175201497915e-03
1.794000000000000000e+03 1.487701491496680722e-03
1.795000000000000000e+03 1.467160698829707765e-03
1.796000000000000000e+03 1.447210492920347541e-03
1.797000000000000000e+03 1.427826886884949256e-03
1.798000000000000000e+03 1.408987129059665082e-03
1.799000000000000000e+03 1.390669626770223806e-03
1.800000000000000000e+03 1.372853875559927345e-03
1.801000000000000000e+03 1.355520393432329282e-03
1.802000000000000000e+03 1.338650659705275473e-03
1.803000000000000000e+03 1.322227058109231006e-03
1.804000000000000000e+03 1.306232823795435349e-03
1.805000000000000000e+03 1.290651993948864051e-03
1.806000000000000000e+03 1.275469361727558492e-03
1.807000000000000000e+03 1.260670433273919757e-03
1.808000000000000000e+03 1.246241387565256292e-03
1.809000000000000000e+03 1.232169038890639596e-03
1.810000000000000000e+03 1.218440801758887684e-03
1.811000000000000000e+03 1.205044658058776474e-03
1.812000000000000000e+03 1.191969126307227018e-03
1.813000000000000000e+03 1.179203232834661252e-03
1.814000000000000000e+03 1.166736484768839685e-03
1.815000000000000000e+03 1.154558844689638087e-03
1.816000000000000000e+03 1.142660706837289640e-03
1.817000000000000000e+03 1.131032874765890497e-03
1.818000000000000000e+03 1.119666540342357077e-03
1.819000000000000000e+03 1.108553263998753166e-03
1.820000000000000000e+03 1.097684956152949814e-03
1.821000000000000000e+03 1.087053859719008374e-03
1.822000000000000000e+03 1.076652533634633651e-03
1.823000000000000000e+03 1.066473837338415042e-03
1.824000000000000000e+03 1.056510916134592755e-03
1.825000000000000000e+03 1.046757187387615997e-03
1.826000000000000000e+03 1.037206327492992946e-03
1.827000000000000000e+03 1.027852259574759362e-03
1.828000000000000000e+03 1.018689141863480521e-03
1.829000000000000000e+03 1.009711356711941828e-03
1.830000000000000000e+03 1.000913500208719257e-03
1.831000000000000000e+03 9.922903723526021492e-04
1.832000000000000000e+03 9.838369677533939997e-04
1.833000000000000000e+03 9.755484668269971075e-04
1.834000000000000000e+03 9.674202274548818377e-04
1.835000000000000000e+03 9.594477770800510135e-04
1.836000000000000000e+03 9.516268052134975626e-04
1.837000000000000000e+03 9.439531563268813239e-04
1.838000000000000000e+03 9.364228231087612852e-04
1.839000000000000000e+03 9.290319400632019537e-04
1.840000000000000000e+03 9.217767774309596884e-04
1.841000000000000000e+03 9.146537354147396028e-04
1.842000000000000000e+03 9.076593386911874055e-04
1.843000000000000000e+03 9.007902311934095230e-04
1.844000000000000000e+03 8.940431711488210998e-04
1.845000000000000000e+03 8.874150263580863002e-04
1.846000000000000000e+03 8.809027697018063366e-04
1.847000000000000000e+03 8.745034748624345294e-04
1.848000000000000000e+03 8.682143122496659756e-04
1.849000000000000000e+03 8.620325451182763539e-04
