5.006850900000000024e+02 4.361658173805261218e-01
5.017048199999999838e+02 4.420878666850295846e-01
5.027245399999999904e+02 4.408483679933892230e-01
5.037442699999999718e+02 4.356149290731304302e-01
5.047639899999999784e+02 4.309323784602671070e-01
5.057837200000000166e+02 4.298306018454757793e-01
5.068034400000000232e+02 4.306569343065693722e-01
5.078231700000000046e+02 4.357526511499792976e-01
5.088428900000000112e+02 4.449800302988569101e-01
5.098626199999999926e+02 4.498003029885689341e-01
5.108823399999999992e+02 4.466326952210438739e-01
5.119020699999999806e+02 4.546205756782811247e-01
5.129217999999999620e+02 4.744525547445254121e-01
5.139415199999999686e+02 4.736262222834320412e-01
5.149612499999999500e+02 4.553091860625258502e-01
5.159809699999999566e+02 4.502134692191157583e-01
5.170007000000000517e+02 4.685305054400218938e-01
5.180204199999999446e+02 4.897397052747554103e-01
5.190401500000000397e+02 4.956617545792589286e-01
5.200598700000000463e+02 5.006197493458199865e-01
5.210796000000000276e+02 5.112243492631868280e-01
5.220993200000000343e+02 5.190745076435752114e-01
5.231190500000000156e+02 5.280264426387548671e-01
5.241387700000000223e+02 5.338107698664095180e-01
5.251585000000000036e+02 5.295413854840930190e-01
5.261782200000000103e+02 5.349125464812009012e-01
5.271979499999999916e+02 5.524032502410136658e-01
5.282176699999999983e+02 5.693430656934306278e-01
5.292373999999999796e+02 5.887618785291280910e-01
5.302571199999999862e+02 6.055639719046963521e-01
5.312768499999999676e+02 6.198870678969838899e-01
5.322965699999999742e+02 6.364137171188540831e-01
5.333162999999999556e+02 6.488087040352568113e-01
5.343360300000000507e+02 6.625809117201486576e-01
5.353557499999999436e+02 6.854427764770693043e-01
5.363754800000000387e+02 7.052747555433136473e-01
5.373952000000000453e+02 7.182206307671119561e-01
5.384149300000000267e+02 7.335077812973419542e-01
5.394346500000000333e+02 7.475554331359317572e-01
5.404543800000000147e+02 7.627048615893126104e-01
5.414741000000000213e+02 7.840517835008952163e-01
5.424938300000000027e+02 7.985126015700316771e-01
5.435135500000000093e+02 7.997521002616719832e-01
5.445332799999999907e+02 7.925905522655281032e-01
5.455529999999999973e+02 7.828122848092549102e-01
5.465727299999999786e+02 7.760639030436577990e-01
5.475924499999999853e+02 7.730340173529816061e-01
5.486121799999999666e+02 7.693155212780609098e-01
5.496318999999999733e+02 7.672496901253271773e-01
5.506516299999999546e+02 7.662856355873847169e-01
5.516713499999999613e+02 7.602258642060321092e-01
5.526910800000000563e+02 7.560942019005646442e-01
5.537107999999999493e+02 7.536152045172841429e-01
5.547305300000000443e+02 7.425974383693706438e-01
5.557502600000000257e+02 7.245558463021621876e-01
5.567699800000000323e+02 7.083046412339897291e-01
5.577897100000000137e+02 6.948078777027958397e-01
5.588094300000000203e+02 6.829637790937888031e-01
5.598291600000000017e+02 6.839278336317312634e-01
5.608488800000000083e+02 6.921911582426661935e-01
5.618686099999999897e+02 6.818620024789973089e-01
5.628883299999999963e+02 6.569343065693430406e-01
5.639080599999999777e+02 6.435752651149979631e-01
5.649277799999999843e+02 6.466051508056741559e-01
5.659475099999999657e+02 6.543175871092137275e-01
5.669672299999999723e+02 6.528026442638753535e-01
5.679869599999999537e+02 6.432998209613000062e-01
5.690066799999999603e+02 6.355873846577607678e-01
5.700264100000000553e+02 6.284258366616168878e-01
5.710461299999999483e+02 6.277372262773722733e-01
5.720658600000000433e+02 6.375154937336453553e-01
5.730855800000000499e+02 6.434375430381489291e-01
5.741053100000000313e+02 6.371023275030988087e-01
5.751250300000000379e+02 6.322820548133866181e-01
5.761447600000000193e+02 6.399944911169259676e-01
5.771644900000000007e+02 6.499104806500483056e-01
5.781842100000000073e+02 6.496350364963503488e-01
5.792039399999999887e+02 6.457788183445806185e-01
5.802236599999999953e+02 6.416471560391130424e-01
5.812433899999999767e+02 6.328329431207823097e-01
5.822631099999999833e+02 6.309048340448973891e-01
5.832828399999999647e+02 6.463297066519761991e-01
5.843025599999999713e+02 6.722214570995730387e-01
5.853222899999999527e+02 6.879217738603498056e-01
5.863420099999999593e+02 6.868199972455583113e-01
5.873617400000000544e+02 6.930174907037598420e-01
5.883814599999999473e+02 7.121608593857595704e-01
5.894011900000000423e+02 7.288252306844787975e-01
5.904209100000000490e+02 7.463159344442913401e-01
5.914406400000000303e+02 7.811596198870679464e-01
5.924603600000000370e+02 8.322545103980166781e-01
5.934800900000000183e+02 8.743974659137859762e-01
5.944998100000000250e+02 8.940917229031813962e-01
5.955195400000000063e+02 8.980856631317999383e-01
5.965392600000000130e+02 8.942294449800302081e-01
5.975589899999999943e+02 8.804572372951383619e-01
5.985787199999999757e+02 8.564935959234265539e-01
5.995984399999999823e+02 8.344580636275994445e-01
6.006181699999999637e+02 8.222007987880456392e-01
6.016378899999999703e+02 8.044346508745351398e-01
6.026576199999999517e+02 7.702795758160033701e-01
6.036773399999999583e+02 7.357113345269247207e-01
6.046970700000000534e+02 7.171188541523205728e-01
6.057167899999999463e+02 7.102327503098746497e-01
6.067365200000000414e+02 7.072028646191984569e-01
6.077562400000000480e+02 7.045861451590689217e-01
6.087759700000000294e+02 6.999035945462057651e-01
6.097956900000000360e+02 6.950833218564935745e-01
6.108154200000000174e+02 6.943947114722490710e-01
6.118351400000000240e+02 6.968737088555295722e-01
6.128548700000000053e+02 6.996281503925078082e-01
6.138745900000000120e+02 7.036220906211266835e-01
6.148943199999999933e+02 7.106459165404214184e-01
6.159140400000000000e+02 7.204241839966947225e-01
6.169337699999999813e+02 7.266216774548959201e-01
6.179534899999999880e+02 7.256576229169535708e-01
6.189732199999999693e+02 7.277234540696873033e-01
6.199929499999999507e+02 7.384657760639029567e-01
6.210126699999999573e+02 7.498967084423632246e-01
6.220324000000000524e+02 7.511362071340035307e-01
6.230521199999999453e+02 7.519625395950971791e-01
6.240718500000000404e+02 7.658724693568379482e-01
6.250915700000000470e+02 7.822613965018592186e-01
6.261113000000000284e+02 7.920396639581325227e-01
6.271310200000000350e+02 8.008538768764632554e-01
6.281507500000000164e+02 8.114584767938299859e-01
6.291704700000000230e+02 8.204104117890096415e-01
6.301902000000000044e+02 8.222007987880456392e-01
6.312099200000000110e+02 8.173805260983334486e-01
6.322296499999999924e+02 8.173805260983334486e-01
6.332493699999999990e+02 8.248175182481750634e-01
6.342690999999999804e+02 8.310150117063764830e-01
6.352888199999999870e+02 8.341826194739015987e-01
6.363085499999999683e+02 8.351466740118439480e-01
6.373282699999999750e+02 8.391406142404626012e-01
6.383479999999999563e+02 8.545654868475416333e-01
6.393677199999999630e+02 8.727448009915990124e-01
6.403874499999999443e+02 8.818344580636275909e-01
6.414071800000000394e+02 8.807326814488362077e-01
6.424269000000000460e+02 8.735711334526923277e-01
6.434466300000000274e+02 8.749483542211815568e-01
6.444663500000000340e+02 8.891337281366202827e-01
6.454860800000000154e+02 9.045586007436990927e-01
6.465058000000000220e+02 9.176421980443465465e-01
6.475255300000000034e+02 9.260432447321306215e-01
6.485452500000000100e+02 9.272827434237707056e-01
6.495649799999999914e+02 9.290731304228067033e-01
6.505846999999999980e+02 9.370610108800440097e-01
6.516044299999999794e+02 9.435339484919431641e-01
6.526241499999999860e+02 9.425698939540007038e-01
6.536438799999999674e+02 9.457375017215259305e-01
6.546635999999999740e+02 9.573061561768351213e-01
6.556833299999999554e+02 9.648808704035255479e-01
6.567030499999999620e+02 9.648808704035255479e-01
6.577227799999999434e+02 9.624018730202450467e-01
6.587424999999999500e+02 9.592342652527199309e-01
6.597622300000000450e+02 9.589588210990220851e-01
6.607819500000000517e+02 9.690125327089932350e-01
6.618016800000000330e+02 9.847128494697700019e-01
6.628214100000000144e+02 9.955928935408345781e-01
6.638411300000000210e+02 1.000000000000000000e+00
6.648608600000000024e+02 9.968323922324747732e-01
6.658805800000000090e+02 9.866409585456549225e-01
6.669003099999999904e+02 9.739705274755543485e-01
6.679200299999999970e+02 9.523481614102740078e-01
6.689397599999999784e+02 9.307257953449936672e-01
6.699594799999999850e+02 9.241151356562457009e-01
6.709792099999999664e+02 9.206720837350227393e-01
6.719989299999999730e+02 9.162649772758573175e-01
6.730186599999999544e+02 9.121333149703896304e-01
6.740383799999999610e+02 9.056603773584904760e-01
6.750581100000000561e+02 8.957443878253683600e-01
6.760778299999999490e+02 8.865170086764908586e-01
6.770975600000000441e+02 8.834871229858145547e-01
6.781172800000000507e+02 8.805949593719871737e-01
6.791370100000000321e+02 8.657209750723039443e-01
6.801567300000000387e+02 8.475416609282466762e-01
6.811764600000000200e+02 8.402423908552540954e-01
6.821961800000000267e+02 8.409310012394985989e-01
6.832159100000000080e+02 8.406555570858007531e-01
6.842356399999999894e+02 8.343203415507506326e-01
6.852553599999999960e+02 8.223385208648945621e-01
6.862750899999999774e+02 8.087040352568517498e-01
6.872948099999999840e+02 7.934168847266217517e-01
6.883145399999999654e+02 7.756507368131111413e-01
6.893342599999999720e+02 7.593995317449387938e-01
6.903539899999999534e+02 7.483817655970250726e-01
6.913737099999999600e+02 7.439746591378596507e-01
6.923934400000000551e+02 7.388789422944497254e-01
6.934131599999999480e+02 7.278611761465363372e-01
6.944328900000000431e+02 7.153284671532845751e-01
6.954526100000000497e+02 7.029334802368819579e-01
6.964723400000000311e+02 6.913648257815728781e-01
6.974920600000000377e+02 6.818620024789973089e-01
6.985117900000000191e+02 6.729100674838175422e-01
6.995315100000000257e+02 6.629940779506954263e-01
7.005512400000000071e+02 6.512877014185373126e-01
7.015709600000000137e+02 6.399944911169259676e-01
7.025906899999999951e+02 6.307671119680484662e-01
7.036104100000000017e+02 6.203002341275307696e-01
7.046301399999999830e+02 6.074920809805812727e-01
7.056498699999999644e+02 5.961988706789697057e-01
7.066695899999999710e+02 5.897259330670705513e-01
7.076893199999999524e+02 5.842170499931138572e-01
7.087090399999999590e+02 5.754028370747830134e-01
7.097287700000000541e+02 5.705825643850708229e-01
7.107484899999999470e+02 5.747142266905385100e-01
7.117682200000000421e+02 5.787081669191570521e-01
7.127879400000000487e+02 5.800853876876462811e-01
7.138076700000000301e+02 5.847679383005094378e-01
7.148273900000000367e+02 5.898636551439195852e-01
7.158471200000000181e+02 5.917917642198042838e-01
7.168668400000000247e+02 5.946839278336316648e-01
7.178865700000000061e+02 5.988155901390993519e-01
7.189062900000000127e+02 6.033604186751135856e-01
7.199260199999999941e+02 6.092824679796170484e-01
7.209457400000000007e+02 6.090070238259193136e-01
7.219654699999999821e+02 5.948216499104806987e-01
7.229851899999999887e+02 5.714088968461643603e-01
7.240049199999999701e+02 5.444153697837762484e-01
7.250246399999999767e+02 5.163200661065967534e-01
7.260443699999999581e+02 4.909792039663957719e-01
7.270641000000000531e+02 4.701831703622090797e-01
7.280838199999999460e+02 4.547582977551299921e-01
7.291035500000000411e+02 4.433273653766697797e-01
7.301232700000000477e+02 4.307946563834182396e-01
7.311430000000000291e+02 4.163338383142817789e-01
7.321627200000000357e+02 4.068310150117063206e-01
7.331824500000000171e+02 4.026993527062387446e-01
7.342021700000000237e+02 3.998071890924115301e-01
7.352219000000000051e+02 3.982922462470733227e-01
7.362416200000000117e+02 3.974659137859798408e-01
7.372613499999999931e+02 3.958132488637928215e-01
7.382810699999999997e+02 3.933342514805122647e-01
7.393007999999999811e+02 3.976036358628288192e-01
7.403205199999999877e+02 4.135793967773033208e-01
7.413402499999999691e+02 4.301060459991735696e-01
7.423599699999999757e+02 4.436028095303676810e-01
7.433796999999999571e+02 4.643988431345544288e-01
7.443994199999999637e+02 4.952485883487123264e-01
7.454191499999999451e+02 5.284396088693017468e-01
7.464388699999999517e+02 5.590139099297617431e-01
7.474586000000000467e+02 5.897259330670705513e-01
7.484783300000000281e+02 6.227792315108112708e-01
7.494980500000000347e+02 6.523894780333288068e-01
7.505177800000000161e+02 6.734609557912132338e-01
7.515375000000000227e+02 6.892989946288389236e-01
7.525572300000000041e+02 7.037598126979754953e-01
7.535769500000000107e+02 7.129871918468531078e-01
7.545966799999999921e+02 7.147775788458889945e-01
7.556163999999999987e+02 7.098195840793278810e-01
7.566361299999999801e+02 6.965982647018316154e-01
7.576558499999999867e+02 6.773171739429829641e-01
7.586755799999999681e+02 6.548684754166093080e-01
7.596952999999999747e+02 6.315934444291418925e-01
7.607150299999999561e+02 6.084561355185235110e-01
7.617347499999999627e+02 5.844924941468117030e-01
7.627544799999999441e+02 5.620437956204379359e-01
7.637741999999999507e+02 5.412477620162511327e-01
7.647939300000000458e+02 5.167332323371435221e-01
7.658136500000000524e+02 4.887756507368129499e-01
7.668333800000000338e+02 4.642611210577055614e-01
7.678531000000000404e+02 4.429141991461230110e-01
7.688728300000000218e+02 4.240462746178211839e-01
7.698925600000000031e+02 4.128907863930588173e-01
7.709122800000000097e+02 4.064178487811595519e-01
7.719320099999999911e+02 3.973281917091309179e-01
7.729517299999999977e+02 3.875499242528577248e-01
7.739714599999999791e+02 3.810769866409585704e-01
7.749911799999999857e+02 3.765321581049441702e-01
7.760109099999999671e+02 3.712987191846852664e-01
7.770306299999999737e+02 3.642748932653903648e-01
7.780503599999999551e+02 3.560115686544552682e-01
7.790700799999999617e+02 3.477482440435201161e-01
7.800898100000000568e+02 3.394849194325850195e-01
7.811095299999999497e+02 3.335628701280815012e-01
7.821292600000000448e+02 3.312215948216498673e-01
7.831489800000000514e+02 3.254372675939953274e-01
7.841687100000000328e+02 3.149703897534774089e-01
7.851884300000000394e+02 3.042280677592618110e-01
7.862081600000000208e+02 2.908690263049166780e-01
7.872278800000000274e+02 2.737914887756506821e-01
7.882476100000000088e+02 2.576780057843272020e-01
7.892673300000000154e+02 2.456961850984712425e-01
7.902870599999999968e+02 2.348161410274066663e-01
7.913067899999999781e+02 2.199421567277234646e-01
7.923265099999999848e+02 2.023137308910617771e-01
7.933462399999999661e+02 1.919845751273928647e-01
7.943659599999999728e+02 1.928109075884864299e-01
7.953856899999999541e+02 1.962539595097094192e-01
7.964054099999999607e+02 1.991461231235366336e-01
7.974251400000000558e+02 2.046550061974934664e-01
7.984448599999999487e+02 2.104393334251480063e-01
7.994645900000000438e+02 2.141578295000688137e-01
8.004843100000000504e+02 2.158104944222558608e-01
8.015040400000000318e+02 2.120919983473350534e-01
8.025237600000000384e+02 2.012119542762704771e-01
8.035434900000000198e+02 1.841344167470045645e-01
8.045632100000000264e+02 1.659551026029472687e-01
8.055829400000000078e+02 1.519074507643575211e-01
8.066026600000000144e+02 1.428177936923288871e-01
8.076223899999999958e+02 1.362071340035807543e-01
8.086421100000000024e+02 1.280815314694945251e-01
8.096618399999999838e+02 1.192673185511637507e-01
8.106815599999999904e+02 1.127943809392645408e-01
8.117012899999999718e+02 1.086627186337970064e-01
8.127210199999999531e+02 1.050819446357251080e-01
8.137407399999999598e+02 1.021897810218977964e-01
8.147604700000000548e+02 1.045310563283294164e-01
8.157801899999999478e+02 1.090758848643437473e-01
8.167999200000000428e+02 1.089381627874948244e-01
8.178196400000000494e+02 1.107285497865307944e-01
8.188393700000000308e+02 1.202313730891061971e-01
8.198590900000000374e+02 1.308359730064729554e-01
8.208788200000000188e+02 1.413028508469907907e-01
8.218985400000000254e+02 1.539732819170912814e-01
8.229182700000000068e+02 1.684340999862277977e-01
8.239379900000000134e+02 1.841344167470045645e-01
8.249577199999999948e+02 1.991461231235366336e-01
8.259774400000000014e+02 2.119542762704861028e-01
8.269971699999999828e+02 2.257264839553780045e-01
8.280168899999999894e+02 2.390855254097231097e-01
8.290366199999999708e+02 2.439057980994353003e-01
8.300563399999999774e+02 2.401873020245145207e-01
8.310760699999999588e+02 2.330257540283707240e-01
8.320957899999999654e+02 2.193912684203278007e-01
8.331155199999999468e+02 2.002478997383280446e-01
8.341352500000000418e+02 1.834458063627599500e-01
8.351549700000000485e+02 1.711885415232061447e-01
8.361747000000000298e+02 1.592067208373502130e-01
8.371944200000000365e+02 1.447459027682137522e-01
8.382141500000000178e+02 1.289078639305880625e-01
8.392338700000000244e+02 1.137584354772069872e-01
8.402536000000000058e+02 1.016388927145021326e-01
8.412733200000000124e+02 9.213606941192674371e-02
8.422930499999999938e+02 8.290869026304917289e-02
8.433127700000000004e+02 7.547169811320751653e-02
8.443324999999999818e+02 7.134003580773998210e-02
8.453522199999999884e+02 6.913648257815727116e-02
8.463719499999999698e+02 6.899876050130836214e-02
8.473916699999999764e+02 7.175320203828672305e-02
8.484113999999999578e+02 7.560942019005648107e-02
8.494311199999999644e+02 7.767525134279022747e-02
8.504508499999999458e+02 8.001652664922184743e-02
8.514705699999999524e+02 8.456135518523617833e-02
8.524903000000000475e+02 8.731579672221458088e-02
8.535100200000000541e+02 8.938162787494832728e-02
8.545297500000000355e+02 9.254923564247348466e-02
8.555494800000000168e+02 9.130973695083322017e-02
8.565692000000000235e+02 8.552540972317862478e-02
8.575889300000000048e+02 7.850158380388375101e-02
8.586086500000000115e+02 7.230409034568241466e-02
8.596283799999999928e+02 7.106459165404215017e-02
8.606480999999999995e+02 7.822613965018593296e-02
8.616678299999999808e+02 9.007023825919294180e-02
8.626875499999999874e+02 1.016388927145021326e-01
8.637072799999999688e+02 1.151356562456961607e-01
8.647269999999999754e+02 1.327640820823577650e-01
8.657467299999999568e+02 1.520451728412064440e-01
8.667664499999999634e+02 1.698113207547169712e-01
8.677861799999999448e+02 1.862002478997383248e-01
8.688058999999999514e+02 2.016251205068172736e-01
8.698256300000000465e+02 2.129183308084285353e-01
8.708453500000000531e+02 2.160859385759536788e-01
8.718650800000000345e+02 2.100261671946013209e-01
8.728848000000000411e+02 2.006610659688748410e-01
8.739045300000000225e+02 1.899187439746591322e-01
8.749242600000000039e+02 1.743561492907312882e-01
8.759439800000000105e+02 1.564522793003718104e-01
8.769637099999999919e+02 1.414405729238396858e-01
8.779834299999999985e+02 1.304228067759261589e-01
8.790031599999999798e+02 1.245007574714226545e-01
8.800228799999999865e+02 1.238121470871780816e-01
8.810426099999999678e+02 1.290455860074369854e-01
8.820623299999999745e+02 1.390992976174080797e-01
8.830820599999999558e+02 1.481889546894366860e-01
8.841017799999999625e+02 1.535601156865445405e-01
8.851215099999999438e+02 1.552127806087315320e-01
8.861412299999999505e+02 1.509433962264150886e-01
8.871609600000000455e+02 1.433686819997245232e-01
8.881806800000000521e+02 1.363448560804296772e-01
8.892004100000000335e+02 1.272551990084010431e-01
8.902201300000000401e+02 1.147224900151494198e-01
8.912398600000000215e+02 1.010880044071064410e-01
8.922595800000000281e+02 8.841757333700589472e-02
8.932793100000000095e+02 7.712436303539457749e-02
8.942990300000000161e+02 6.390304365789838126e-02
8.953187599999999975e+02 4.751411651287703458e-02
8.963384899999999789e+02 3.319102052058943431e-02
8.973582099999999855e+02 2.492769590965430299e-02
8.983779399999999669e+02 1.969425698939540614e-02
8.993976599999999735e+02 1.666437129871917167e-02
9.004173899999999549e+02 1.446081806913646593e-02
9.014371099999999615e+02 9.227379148877570825e-03
9.024568400000000565e+02 2.616719460129447554e-03
9.034765599999999495e+02 0.000000000000000000e+00
9.044962900000000445e+02 1.928109075884881177e-03
9.055160100000000511e+02 6.886103842445949128e-03
9.065357400000000325e+02 1.322131937749619797e-02
9.075554600000000391e+02 1.969425698939540614e-02
9.085751900000000205e+02 2.795758160033053746e-02
9.095949100000000271e+02 3.635862828811457781e-02
9.106146400000000085e+02 4.255612174631591416e-02
9.116343600000000151e+02 4.834044897397050955e-02
9.126540899999999965e+02 5.426249827847402091e-02
9.136738100000000031e+02 5.935821512188405036e-02
9.146935399999999845e+02 6.376532158104941672e-02
9.157132599999999911e+02 6.844787219391265665e-02
9.167329899999999725e+02 7.244181242253133757e-02
9.177527199999999539e+02 7.423219942156725204e-02
9.187724399999999605e+02 7.726208511224348652e-02
9.197921700000000556e+02 8.483679933893401026e-02
9.208118899999999485e+02 9.323784602671809918e-02
9.218316200000000435e+02 9.764495248588346554e-02
9.228513400000000502e+02 9.915989533122160360e-02
9.238710700000000315e+02 9.929761740807051262e-02
9.248907900000000382e+02 9.668089794794107461e-02
9.259105200000000195e+02 9.186062525822887015e-02
9.269302400000000262e+02 8.814212918330806279e-02
9.279499700000000075e+02 8.731579672221458088e-02
9.289696900000000142e+02 8.759124087591241281e-02
9.299894199999999955e+02 8.910618372125050923e-02
9.310091400000000021e+02 9.144745902768212920e-02
9.320288699999999835e+02 9.213606941192674371e-02
9.330485899999999901e+02 9.144745902768212920e-02
9.340683199999999715e+02 9.048340448973968275e-02
9.350880399999999781e+02 8.951934995179725019e-02
9.361077699999999595e+02 8.759124087591241281e-02
9.371274899999999661e+02 8.318413441674700481e-02
9.381472199999999475e+02 8.070513703346646195e-02
9.391669500000000426e+02 8.401046687784052835e-02
9.401866700000000492e+02 8.910618372125050923e-02
9.412064000000000306e+02 9.103429279713538824e-02
9.422261200000000372e+02 8.883073956755267730e-02
9.432458500000000186e+02 8.180691364825781742e-02
9.442655700000000252e+02 7.189092411513563208e-02
9.452853000000000065e+02 6.128632419776888079e-02
9.463050200000000132e+02 5.123261258779783500e-02
9.473247499999999945e+02 4.379562043795618559e-02
9.483444700000000012e+02 3.718496074920810829e-02
9.493641999999999825e+02 3.098746729100677194e-02
9.503839199999999892e+02 2.837074783087727842e-02
9.514036499999999705e+02 2.864619198457515198e-02
9.524233699999999772e+02 3.016113482991324493e-02
9.534430999999999585e+02 3.332874259743834333e-02
9.544628199999999651e+02 3.732268282605702425e-02
9.554825499999999465e+02 4.062801267043108372e-02
9.565022699999999531e+02 4.296928797686270368e-02
9.575220000000000482e+02 4.531056328329432364e-02
9.585417200000000548e+02 4.655006197493458814e-02
9.595614500000000362e+02 4.792728274342376860e-02
9.605811800000000176e+02 4.930450351191294905e-02
9.616009000000000242e+02 4.751411651287703458e-02
9.626206300000000056e+02 4.531056328329432364e-02
9.636403500000000122e+02 4.723867235917916102e-02
9.646600799999999936e+02 5.178350089519348498e-02
9.656798000000000002e+02 5.743010604599917135e-02
9.666995299999999816e+02 6.528026442638755478e-02
9.677192499999999882e+02 7.533397603635860751e-02
9.687389799999999696e+02 8.648946426112105734e-02
9.697586999999999762e+02 9.764495248588346554e-02
9.707784299999999575e+02 1.070100537116099454e-01
9.717981499999999642e+02 1.132075471698113373e-01
9.728178799999999455e+02 1.145847679383005108e-01
9.738375999999999522e+02 1.108662718633797034e-01
9.748573300000000472e+02 1.037047238672359345e-01
9.758770500000000538e+02 9.516595510260293656e-02
9.768967800000000352e+02 8.690263049166779830e-02
9.779165000000000418e+02 7.822613965018593296e-02
9.789362300000000232e+02 6.927420465500618019e-02
9.799559500000000298e+02 6.252582288940915223e-02
9.809756800000000112e+02 5.935821512188405036e-02
9.819954099999999926e+02 5.756782812284808037e-02
9.830151299999999992e+02 5.605288527750999089e-02
9.840348599999999806e+02 5.440022035532293687e-02
9.850545799999999872e+02 5.288527750998484045e-02
9.860743099999999686e+02 5.467566450902081043e-02
9.870940299999999752e+02 5.908277096818617680e-02
9.881137599999999566e+02 6.307671119680485772e-02
9.891334799999999632e+02 6.831015011706374762e-02
9.901532099999999446e+02 7.340586696047377013e-02
9.911729299999999512e+02 7.395675526786943399e-02
9.921926600000000462e+02 7.313042280677589657e-02
9.932123800000000529e+02 7.285497865307807852e-02
9.942321100000000342e+02 7.010053711609971760e-02
9.952518300000000409e+02 6.500482027268973673e-02
9.962715600000000222e+02 6.032226965982648986e-02
9.972912800000000288e+02 5.715466189230133942e-02
9.983110100000000102e+02 5.619060735435889992e-02
9.993307300000000168e+02 5.660377358490564087e-02
