5.006850900000000024e+02 9.567217227681372449e-02
5.017048199999999838e+02 9.657118962993936628e-02
5.027245399999999904e+02 9.638302320719213667e-02
5.037442699999999718e+02 9.558854275559272584e-02
5.047639899999999784e+02 9.487769182521431366e-02
5.057837200000000166e+02 9.471043278277231636e-02
5.068034400000000232e+02 9.483587706460380740e-02
5.078231700000000046e+02 9.560945013589797203e-02
5.088428900000000112e+02 9.701024461634957796e-02
5.098626199999999926e+02 9.774200292703323634e-02
5.108823399999999992e+02 9.726113318001254615e-02
5.119020699999999806e+02 9.847376123771692247e-02
5.129217999999999620e+02 1.014844240016725962e-01
5.139415199999999686e+02 1.013589797198411052e-01
5.149612499999999500e+02 9.857829813924316731e-02
5.159809699999999566e+02 9.780472506794898879e-02
5.170007000000000517e+02 1.005854066485469406e-01
5.180204199999999446e+02 1.038051432155550902e-01
5.190401500000000397e+02 1.047041605686807458e-01
5.200598700000000463e+02 1.054568262596696643e-01
5.210796000000000276e+02 1.070666945431737460e-01
5.220993200000000343e+02 1.082584152205728623e-01
5.231190500000000156e+02 1.096173949404139758e-01
5.241387700000000223e+02 1.104955049132343714e-01
5.251585000000000036e+02 1.098473761237716978e-01
5.261782200000000103e+02 1.106627639556763687e-01
5.271979499999999916e+02 1.133180012544428295e-01
5.282176699999999983e+02 1.158896090319882916e-01
5.292373999999999796e+02 1.188375496550282268e-01
5.302571199999999862e+02 1.213882500522684704e-01
5.312768499999999676e+02 1.235626176040142271e-01
5.322965699999999742e+02 1.260715032406439506e-01
5.333162999999999556e+02 1.279531674681162468e-01
5.343360300000000507e+02 1.300439054986410048e-01
5.353557499999999436e+02 1.335145306293121503e-01
5.363754800000000387e+02 1.365251933932678241e-01
5.373952000000000453e+02 1.384904871419611050e-01
5.384149300000000267e+02 1.408112063558435989e-01
5.394346500000000333e+02 1.429437591469788771e-01
5.404543800000000147e+02 1.452435709805561248e-01
5.414741000000000213e+02 1.484842149278695345e-01
5.424938300000000027e+02 1.506794898599205512e-01
5.435135500000000093e+02 1.508676562826677947e-01
5.445332799999999907e+02 1.497804725067948817e-01
5.455529999999999973e+02 1.482960485051222910e-01
5.465727299999999786e+02 1.472715868701651443e-01
5.475924499999999853e+02 1.468116245034497003e-01
5.486121799999999666e+02 1.462471252352080253e-01
5.496318999999999733e+02 1.459335145306293047e-01
5.506516299999999546e+02 1.457871628684925813e-01
5.516713499999999613e+02 1.448672381350616656e-01
5.526910800000000563e+02 1.442400167259042243e-01
5.537107999999999493e+02 1.438636838804097651e-01
5.547305300000000443e+02 1.421910934559899586e-01
5.557502600000000257e+02 1.394522266360024854e-01
5.567699800000000323e+02 1.369851557599832681e-01
5.577897100000000137e+02 1.349362324900690024e-01
5.588094300000000203e+02 1.331381977838176911e-01
5.598291600000000017e+02 1.332845494459544144e-01
5.608488800000000083e+02 1.345389922642692693e-01
5.618686099999999897e+02 1.329709387413756938e-01
5.628883299999999963e+02 1.291867029061258831e-01
5.639080599999999777e+02 1.271586870165168359e-01
5.649277799999999843e+02 1.276186493832322799e-01
5.659475099999999657e+02 1.287894626803261777e-01
5.669672299999999723e+02 1.285594814969684141e-01
5.679869599999999537e+02 1.271168722559063435e-01
5.690066799999999603e+02 1.259460589588124735e-01
5.700264100000000553e+02 1.248588751829395882e-01
5.710461299999999483e+02 1.247543382814133572e-01
5.720658600000000433e+02 1.262387622830859202e-01
5.730855800000000499e+02 1.271377796362115620e-01
5.741053100000000313e+02 1.261760401421702094e-01
5.751250300000000379e+02 1.254442818314865371e-01
5.761447600000000193e+02 1.266150951285803794e-01
5.771644900000000007e+02 1.281204265105582440e-01
5.781842100000000073e+02 1.280786117499477239e-01
5.792039399999999887e+02 1.274932051014008028e-01
5.802236599999999953e+02 1.268659836922433615e-01
5.812433899999999767e+02 1.255279113527075219e-01
5.822631099999999833e+02 1.252352080284340474e-01
5.832828399999999647e+02 1.275768346226217875e-01
5.843025599999999713e+02 1.315074221200083493e-01
5.853222899999999527e+02 1.338908634748066095e-01
5.863420099999999593e+02 1.337236044323646122e-01
5.873617400000000544e+02 1.346644365461007742e-01
5.883814599999999473e+02 1.375705624085302170e-01
5.894011900000000423e+02 1.401003554254652006e-01
5.904209100000000490e+02 1.427555927242316336e-01
5.914406400000000303e+02 1.480451599414593367e-01
5.924603600000000370e+02 1.558017980347062292e-01
5.934800900000000183e+02 1.621994564081120638e-01
5.944998100000000250e+02 1.651892117917624914e-01
5.955195400000000063e+02 1.657955258206146587e-01
5.965392600000000130e+02 1.652101191720677376e-01
5.975589899999999943e+02 1.631193811415429518e-01
5.985787199999999757e+02 1.594814969684298644e-01
5.995984399999999823e+02 1.561363161195901961e-01
6.006181699999999637e+02 1.542755592724231462e-01
6.016378899999999703e+02 1.515785072130461930e-01
6.026576199999999517e+02 1.463934768973447487e-01
6.036773399999999583e+02 1.411457244407275657e-01
6.046970700000000534e+02 1.383232280995191354e-01
6.057167899999999463e+02 1.372778590842567426e-01
6.067365200000000414e+02 1.368178967175412986e-01
6.077562400000000480e+02 1.364206564917415654e-01
6.087759700000000294e+02 1.357098055613631393e-01
6.097956900000000360e+02 1.349780472506794671e-01
6.108154200000000174e+02 1.348735103491532361e-01
6.118351400000000240e+02 1.352498431946476953e-01
6.128548700000000053e+02 1.356679908007526469e-01
6.138745900000000120e+02 1.362743048296048420e-01
6.148943199999999933e+02 1.373405812251724811e-01
6.159140400000000000e+02 1.388250052268450718e-01
6.169337699999999813e+02 1.397658373405812060e-01
6.179534899999999880e+02 1.396194856784444827e-01
6.189732199999999693e+02 1.399330963830231755e-01
6.199929499999999507e+02 1.415638720468325173e-01
6.210126699999999573e+02 1.432991846121680624e-01
6.220324000000000524e+02 1.434873510349153058e-01
6.230521199999999453e+02 1.436127953167468108e-01
6.240718500000000404e+02 1.457244407275768427e-01
6.250915700000000470e+02 1.482124189839013062e-01
6.261113000000000284e+02 1.496968429855738969e-01
6.271310200000000350e+02 1.510349153251097643e-01
6.281507500000000164e+02 1.526447836086138321e-01
6.291704700000000230e+02 1.540037633284549179e-01
6.301902000000000044e+02 1.542755592724231462e-01
6.312099200000000110e+02 1.535438009617394739e-01
6.322296499999999924e+02 1.535438009617394739e-01
6.332493699999999990e+02 1.546727994982228516e-01
6.342690999999999804e+02 1.556136316119590135e-01
6.352888199999999870e+02 1.560945013589797037e-01
6.363085499999999683e+02 1.562408530211164270e-01
6.373282699999999750e+02 1.568471670499686221e-01
6.383479999999999563e+02 1.591887936441563900e-01
6.393677199999999630e+02 1.619485678444490817e-01
6.403874499999999443e+02 1.633284549445954414e-01
6.414071800000000394e+02 1.631611959021534441e-01
6.424269000000000460e+02 1.620740121262805589e-01
6.434466300000000274e+02 1.622830859293330485e-01
6.444663500000000340e+02 1.644365461007735729e-01
6.454860800000000154e+02 1.667781726949613130e-01
6.465058000000000220e+02 1.687643738239598679e-01
6.475255300000000034e+02 1.700397240225799689e-01
6.485452500000000100e+02 1.702278904453271846e-01
6.495649799999999914e+02 1.704996863892954129e-01
6.505846999999999980e+02 1.717123144469997753e-01
6.516044299999999794e+02 1.726949613213464296e-01
6.526241499999999860e+02 1.725486096592096785e-01
6.536438799999999674e+02 1.730294794062303965e-01
6.546635999999999740e+02 1.747856993518711877e-01
6.556833299999999554e+02 1.759356052686598115e-01
6.567030499999999620e+02 1.759356052686598115e-01
6.577227799999999434e+02 1.755592724231653523e-01
6.587424999999999500e+02 1.750784026761446621e-01
6.597622300000000450e+02 1.750365879155341697e-01
6.607819500000000517e+02 1.765628266778172528e-01
6.618016800000000330e+02 1.789462680326155131e-01
6.628214100000000144e+02 1.805979510767300733e-01
6.638411300000000210e+02 1.812669872464980070e-01
6.648608600000000024e+02 1.807861174994772890e-01
6.658805800000000090e+02 1.792389713568889875e-01
6.669003099999999904e+02 1.773154923688061713e-01
6.679200299999999970e+02 1.740330336608822692e-01
6.689397599999999784e+02 1.707505749529583672e-01
6.699594799999999850e+02 1.697470206983064944e-01
6.709792099999999664e+02 1.692243361906753119e-01
6.719989299999999730e+02 1.685553000209073782e-01
6.730186599999999544e+02 1.679280786117499091e-01
6.740383799999999610e+02 1.669454317374032826e-01
6.750581100000000561e+02 1.654401003554254457e-01
6.760778299999999490e+02 1.640393058749738675e-01
6.770975600000000441e+02 1.635793435082583958e-01
6.781172800000000507e+02 1.631402885218481980e-01
6.791370100000000321e+02 1.608822914488814426e-01
6.801567300000000387e+02 1.581225172485887231e-01
6.811764600000000200e+02 1.570144260924106194e-01
6.821961800000000267e+02 1.571189629939368504e-01
6.832159100000000080e+02 1.570771482333263303e-01
6.842356399999999894e+02 1.561154087392849776e-01
6.852553599999999960e+02 1.542964666527283923e-01
6.862750899999999774e+02 1.522266360025088805e-01
6.872948099999999840e+02 1.499059167886263866e-01
6.883145399999999654e+02 1.472088647292494334e-01
6.893342599999999720e+02 1.447417938532301884e-01
6.903539899999999534e+02 1.430692034288103542e-01
6.913737099999999600e+02 1.424001672590424206e-01
6.923934400000000551e+02 1.416265941877482559e-01
6.934131599999999480e+02 1.399540037633284495e-01
6.944328900000000431e+02 1.380514321555508794e-01
6.954526100000000497e+02 1.361697679280786111e-01
6.964723400000000311e+02 1.344135479824377921e-01
6.974920600000000377e+02 1.329709387413756938e-01
6.985117900000000191e+02 1.316119590215345803e-01
6.995315100000000257e+02 1.301066276395567711e-01
7.005512400000000071e+02 1.283295003136107060e-01
7.015709600000000137e+02 1.266150951285803794e-01
7.025906899999999951e+02 1.252143006481288012e-01
7.036104100000000017e+02 1.236253397449299796e-01
7.046301399999999830e+02 1.216809533765419310e-01
7.056498699999999644e+02 1.199665481915116044e-01
7.066695899999999710e+02 1.189839013171649640e-01
7.076893199999999524e+02 1.181476061049550608e-01
7.087090399999999590e+02 1.168095337654191934e-01
7.097287700000000541e+02 1.160777754547355212e-01
7.107484899999999470e+02 1.167049968638929625e-01
7.117682200000000421e+02 1.173113108927451437e-01
7.127879400000000487e+02 1.175203846957976195e-01
7.138076700000000301e+02 1.182312356261760455e-01
7.148273900000000367e+02 1.190048086974702241e-01
7.158471200000000181e+02 1.192975120217436708e-01
7.168668400000000247e+02 1.197365670081538824e-01
7.178865700000000061e+02 1.203637884173113098e-01
7.189062900000000127e+02 1.210537319673844897e-01
7.199260199999999941e+02 1.219527493205101454e-01
7.209457400000000007e+02 1.219109345598996530e-01
7.219654699999999821e+02 1.197574743884591286e-01
7.229851899999999887e+02 1.162032197365670122e-01
7.240049199999999701e+02 1.121053731967384531e-01
7.250246399999999767e+02 1.078402676144679107e-01
7.260443699999999581e+02 1.039933096383023198e-01
7.270641000000000531e+02 1.008362952122099088e-01
7.280838199999999460e+02 9.849466861802215478e-02
7.291035500000000411e+02 9.675935605268659589e-02
7.301232700000000477e+02 9.485678444490905359e-02
7.311430000000000291e+02 9.266150951285805071e-02
7.321627200000000357e+02 9.121890027179595239e-02
7.331824500000000171e+02 9.059167886263851110e-02
7.342021700000000237e+02 9.015262387622831330e-02
7.352219000000000051e+02 8.992264269287057743e-02
7.362416200000000117e+02 8.979719841103910027e-02
7.372613499999999931e+02 8.954630984737611821e-02
7.382810699999999997e+02 8.916997700188165898e-02
7.393007999999999811e+02 8.981810579134436034e-02
7.403205199999999877e+02 9.224336190675308522e-02
7.413402499999999691e+02 9.475224754338280875e-02
7.423599699999999757e+02 9.680117081329708828e-02
7.433796999999999571e+02 9.995818523938951317e-02
7.443994199999999637e+02 1.046414384277650073e-01
7.454191499999999451e+02 1.096801170813297144e-01
7.464388699999999517e+02 1.143215555090947022e-01
7.474586000000000467e+02 1.189839013171649640e-01
7.484783300000000281e+02 1.240016725904244388e-01
7.494980500000000347e+02 1.284967593560527033e-01
7.505177800000000161e+02 1.316955885427555650e-01
7.515375000000000227e+02 1.340999372778590715e-01
7.525572300000000041e+02 1.362952122099100882e-01
7.535769500000000107e+02 1.376960066903616942e-01
7.545966799999999921e+02 1.379678026343298947e-01
7.556163999999999987e+02 1.372151369433409762e-01
7.566361299999999801e+02 1.352080284340372029e-01
7.576558499999999867e+02 1.322809951913025139e-01
7.586755799999999681e+02 1.288730922015471625e-01
7.596952999999999747e+02 1.253397449299602784e-01
7.607150299999999561e+02 1.218273050386786405e-01
7.617347499999999627e+02 1.181894208655655532e-01
7.627544799999999441e+02 1.147815178758101740e-01
7.637741999999999507e+02 1.116245034497177491e-01
7.647939300000000458e+02 1.079029897553836631e-01
7.658136500000000524e+02 1.036587915534183529e-01
7.668333800000000338e+02 9.993727785908426697e-02
7.678531000000000404e+02 9.669663391177085732e-02
7.688728300000000218e+02 9.383232280995192076e-02
7.698925600000000031e+02 9.213882500522685426e-02
7.709122800000000097e+02 9.115617813088019994e-02
7.719320099999999911e+02 8.977629103073384020e-02
7.729517299999999977e+02 8.829186702906126338e-02
7.739714599999999791e+02 8.730922015471462294e-02
7.749911799999999857e+02 8.661927660464144307e-02
7.760109099999999671e+02 8.582479615304203224e-02
7.770306299999999737e+02 8.475851975747439315e-02
7.780503599999999551e+02 8.350407693915952445e-02
7.790700799999999617e+02 8.224963412084465575e-02
7.800898100000000568e+02 8.099519130252980093e-02
7.811095299999999497e+02 8.009617394940414525e-02
7.821292600000000448e+02 7.974074848421493222e-02
7.831489800000000514e+02 7.886263851139452274e-02
7.841687100000000328e+02 7.727367760819568721e-02
7.851884300000000394e+02 7.564290194438637316e-02
7.862081600000000208e+02 7.361488605477735370e-02
7.872278800000000274e+02 7.102237089692661764e-02
7.882476100000000088e+02 6.857620740121263270e-02
7.892673300000000154e+02 6.675726531465607516e-02
7.902870599999999968e+02 6.510558227054150104e-02
7.913067899999999781e+02 6.284758519757474571e-02
7.923265099999999848e+02 6.017144051850303182e-02
7.933462399999999661e+02 5.860338699560944942e-02
7.943659599999999728e+02 5.872883127744094739e-02
7.953856899999999541e+02 5.925151578507213690e-02
7.964054099999999607e+02 5.969057077148232776e-02
7.974251400000000558e+02 6.052686598369225179e-02
7.984448599999999487e+02 6.140497595651264739e-02
7.994645900000000438e+02 6.196947522475433623e-02
8.004843100000000504e+02 6.222036378841731136e-02
8.015040400000000318e+02 6.165586452017562946e-02
8.025237600000000384e+02 6.000418147606105534e-02
8.035434900000000198e+02 5.741166631821034011e-02
8.045632100000000264e+02 5.465189211791763452e-02
8.055829400000000078e+02 5.251933932678236328e-02
8.066026600000000144e+02 5.113945222663601048e-02
8.076223899999999958e+02 5.013589797198410997e-02
8.086421100000000024e+02 4.890236253397449440e-02
8.096618399999999838e+02 4.756429019443863399e-02
8.106815599999999904e+02 4.658164332009199354e-02
8.117012899999999718e+02 4.595442191093455919e-02
8.127210199999999531e+02 4.541083002299812349e-02
8.137407399999999598e+02 4.497177503658791875e-02
8.147604700000000548e+02 4.532720050177712484e-02
8.157801899999999478e+02 4.601714405185030471e-02
8.167999200000000428e+02 4.599623667154505158e-02
8.178196400000000494e+02 4.626803261551328678e-02
8.188393700000000308e+02 4.771064185657537121e-02
8.198590900000000374e+02 4.932051014007944600e-02
8.208788200000000188e+02 5.090947104327828154e-02
8.218985400000000254e+02 5.283295003136107004e-02
8.229182700000000068e+02 5.502822496341209374e-02
8.239379900000000134e+02 5.741166631821034011e-02
8.249577199999999948e+02 5.969057077148232776e-02
8.259774400000000014e+02 6.163495713987036939e-02
8.269971699999999828e+02 6.372569517039515519e-02
8.280168899999999894e+02 6.575371106000417465e-02
8.290366199999999708e+02 6.648546937068786078e-02
8.300563399999999774e+02 6.592097010244617195e-02
8.310760699999999588e+02 6.483378632657328666e-02
8.320957899999999654e+02 6.276395567635376094e-02
8.331155199999999468e+02 5.985782981392431812e-02
8.341352500000000418e+02 5.730712941668409527e-02
8.351549700000000485e+02 5.544637256951704535e-02
8.361747000000000298e+02 5.362743048296048087e-02
8.371944200000000365e+02 5.143215555090947799e-02
8.382141500000000178e+02 4.902780681580597849e-02
8.392338700000000244e+02 4.672799498222873077e-02
8.402536000000000058e+02 4.488814551536692704e-02
8.412733200000000124e+02 4.344553627430482873e-02
8.422930499999999938e+02 4.204474179385323668e-02
8.433127700000000004e+02 4.091574325736984513e-02
8.443324999999999818e+02 4.028852184821242466e-02
8.453522199999999884e+02 3.995400376332845782e-02
8.463719499999999698e+02 3.993309638302320469e-02
8.473916699999999764e+02 4.035124398912815630e-02
8.484113999999999578e+02 4.093665063767509826e-02
8.494311199999999644e+02 4.125026134225381197e-02
8.504508499999999458e+02 4.160568680744303194e-02
8.514705699999999524e+02 4.229563035751619793e-02
8.524903000000000475e+02 4.271377796362116341e-02
8.535100200000000541e+02 4.302738866819987712e-02
8.545297500000000355e+02 4.350825841522057424e-02
8.555494800000000168e+02 4.332009199247334463e-02
8.565692000000000235e+02 4.244198201965293515e-02
8.575889300000000048e+02 4.137570562408530300e-02
8.586086500000000115e+02 4.043487351034916188e-02
8.596283799999999928e+02 4.024670708760193227e-02
8.606480999999999995e+02 4.133389086347481062e-02
8.616678299999999808e+02 4.313192556972611502e-02
8.626875499999999874e+02 4.488814551536692704e-02
8.637072799999999688e+02 4.693706878528119963e-02
8.647269999999999754e+02 4.961321346435292046e-02
8.657467299999999568e+02 5.254024670708760253e-02
8.667664499999999634e+02 5.523729876646456260e-02
8.677861799999999448e+02 5.772527702278904688e-02
8.688058999999999514e+02 6.006690361697680086e-02
8.698256300000000465e+02 6.178130880200710662e-02
8.708453500000000531e+02 6.226217854902781068e-02
8.718650800000000345e+02 6.134225381559691576e-02
8.728848000000000411e+02 5.992055195484007057e-02
8.739045300000000225e+02 5.828977629103073571e-02
8.749242600000000039e+02 5.592724231653774247e-02
8.759439800000000105e+02 5.320928287685552927e-02
8.769637099999999919e+02 5.093037842358352080e-02
8.779834299999999985e+02 4.925778799916370049e-02
8.790031599999999798e+02 4.835877064603804482e-02
8.800228799999999865e+02 4.825423374451182079e-02
8.810426099999999678e+02 4.904871419611123162e-02
8.820623299999999745e+02 5.057495295839432164e-02
8.830820599999999558e+02 5.195484005854066056e-02
8.841017799999999625e+02 5.277022789044532453e-02
8.851215099999999438e+02 5.302111645410829965e-02
8.861412299999999505e+02 5.237298766464562605e-02
8.871609600000000455e+02 5.122308174785699525e-02
8.881806800000000521e+02 5.015680535228934922e-02
8.892004100000000335e+02 4.877691825214301030e-02
8.902201300000000401e+02 4.687434664436546800e-02
8.912398600000000215e+02 4.480451599414592839e-02
8.922595800000000281e+02 4.288103700606313989e-02
8.932793100000000095e+02 4.116663182103282026e-02
8.942990300000000161e+02 3.915952331172904699e-02
8.953187599999999975e+02 3.667154505540455578e-02
8.963384899999999789e+02 3.449717750365879215e-02
8.973582099999999855e+02 3.324273468534392345e-02
8.983779399999999669e+02 3.244825423374451262e-02
8.993976599999999735e+02 3.198829186702906169e-02
9.004173899999999549e+02 3.165377378214509485e-02
9.014371099999999615e+02 3.085929333054568402e-02
9.024568400000000565e+02 2.985573907589379045e-02
9.034765599999999495e+02 2.945849885009408156e-02
9.044962900000000445e+02 2.975120217436755601e-02
9.055160100000000511e+02 3.050386786535647099e-02
9.065357400000000325e+02 3.146560735939786524e-02
9.075554600000000391e+02 3.244825423374451262e-02
9.085751900000000205e+02 3.370269705205938132e-02
9.095949100000000271e+02 3.497804725067949622e-02
9.106146400000000085e+02 3.591887936441563733e-02
9.116343600000000151e+02 3.679698933723603987e-02
9.126540899999999965e+02 3.769600669036168861e-02
9.136738100000000031e+02 3.846957976165586018e-02
9.146935399999999845e+02 3.913861593142379386e-02
9.157132599999999911e+02 3.984946686180221992e-02
9.167329899999999725e+02 4.045578089065440114e-02
9.177527199999999539e+02 4.072757683462261552e-02
9.187724399999999605e+02 4.118753920133807339e-02
9.197921700000000556e+02 4.233744511812669031e-02
9.208118899999999485e+02 4.361279531674681909e-02
9.218316200000000435e+02 4.428183148651473194e-02
9.228513400000000502e+02 4.451181266987247476e-02
9.238710700000000315e+02 4.453272005017771401e-02
9.248907900000000382e+02 4.413547982437801553e-02
9.259105200000000195e+02 4.340372151369433634e-02
9.269302400000000262e+02 4.283922224545264751e-02
9.279499700000000075e+02 4.271377796362116341e-02
9.289696900000000142e+02 4.275559272423166274e-02
9.299894199999999955e+02 4.298557390758938473e-02
9.310091400000000021e+02 4.334099937277858389e-02
9.320288699999999835e+02 4.344553627430482873e-02
9.330485899999999901e+02 4.334099937277858389e-02
9.340683199999999715e+02 4.319464771064185360e-02
9.350880399999999781e+02 4.304829604850511637e-02
9.361077699999999595e+02 4.275559272423166274e-02
9.371274899999999661e+02 4.208655655446372906e-02
9.381472199999999475e+02 4.171022370896926984e-02
9.391669500000000426e+02 4.221200083629521316e-02
9.401866700000000492e+02 4.298557390758938473e-02
9.412064000000000306e+02 4.327827723186285225e-02
9.422261200000000372e+02 4.294375914697889235e-02
9.432458500000000186e+02 4.187748275141124632e-02
9.442655700000000252e+02 4.037215136943340943e-02
9.452853000000000065e+02 3.876228308592933464e-02
9.463050200000000132e+02 3.723604432364624461e-02
9.473247499999999945e+02 3.610704578716286695e-02
9.483444700000000012e+02 3.510349153251097337e-02
9.493641999999999825e+02 3.416265941877482532e-02
9.503839199999999892e+02 3.376541919297511296e-02
9.514036499999999705e+02 3.380723395358562616e-02
9.524233699999999772e+02 3.403721513694334816e-02
9.534430999999999585e+02 3.451808488396403141e-02
9.544628199999999651e+02 3.512439891281622650e-02
9.554825499999999465e+02 3.562617604014216982e-02
9.565022699999999531e+02 3.598160150533138979e-02
9.575220000000000482e+02 3.633702697052059588e-02
9.585417200000000548e+02 3.652519339326782549e-02
9.595614500000000362e+02 3.673426719632030824e-02
9.605811800000000176e+02 3.694334099937277710e-02
9.616009000000000242e+02 3.667154505540455578e-02
9.626206300000000056e+02 3.633702697052059588e-02
9.636403500000000122e+02 3.662973029479406339e-02
9.646600799999999936e+02 3.731967384486723632e-02
9.656798000000000002e+02 3.817687643738239267e-02
9.666995299999999816e+02 3.936859711478151586e-02
9.677192499999999882e+02 4.089483587706460588e-02
9.687389799999999696e+02 4.258833368178967238e-02
9.697586999999999762e+02 4.428183148651473194e-02
9.707784299999999575e+02 4.570353334727158406e-02
9.717981499999999642e+02 4.664436546100774600e-02
9.728178799999999455e+02 4.685343926406021486e-02
9.738375999999999522e+02 4.628893999581852603e-02
9.748573300000000472e+02 4.520175621994564075e-02
9.758770500000000538e+02 4.390549864102027272e-02
9.768967800000000352e+02 4.265105582270541790e-02
9.779165000000000418e+02 4.133389086347481062e-02
9.789362300000000232e+02 3.997491114363369707e-02
9.799559500000000298e+02 3.895044950867656425e-02
9.809756800000000112e+02 3.846957976165586018e-02
9.819954099999999926e+02 3.819778381768764580e-02
9.830151299999999992e+02 3.796780263432992381e-02
9.840348599999999806e+02 3.771691407066694868e-02
9.850545799999999872e+02 3.748693288730921974e-02
9.860743099999999686e+02 3.775872883127744106e-02
9.870940299999999752e+02 3.842776500104536780e-02
9.881137599999999566e+02 3.903407902989754902e-02
9.891334799999999632e+02 3.982855948149695985e-02
9.901532099999999446e+02 4.060213255279113143e-02
9.911729299999999512e+02 4.068576207401212314e-02
9.921926600000000462e+02 4.056031779218063904e-02
9.932123800000000529e+02 4.051850303157014666e-02
9.942321100000000342e+02 4.010035542546519505e-02
9.952518300000000409e+02 3.932678235417102347e-02
9.962715600000000222e+02 3.861593142379259741e-02
9.972912800000000288e+02 3.813506167677190029e-02
9.983110100000000102e+02 3.798871001463516306e-02
9.993307300000000168e+02 3.805143215555090858e-02
1.000350459999999998e+03 3.798871001463516306e-02
1.001370180000000005e+03 3.786326573280367896e-02
1.002389909999999986e+03 3.807233953585614783e-02
1.003409639999999968e+03 3.888772736776081873e-02
1.004429359999999974e+03 4.016307756638092669e-02
1.005449089999999956e+03 4.108300229981183549e-02
1.006468809999999962e+03 4.150114990591678710e-02
1.007488539999999944e+03 4.212837131507422145e-02
1.008508259999999950e+03 4.311101818942086189e-02
1.009527990000000045e+03 4.373823959857830318e-02
1.010547710000000052e+03 4.367551745766255072e-02
1.011567440000000033e+03 4.346644365461008186e-02
1.012587160000000040e+03 4.375914697888354243e-02
1.013606890000000021e+03 4.434455362743048440e-02
1.014626610000000028e+03 4.474179385323019675e-02
1.015646340000000009e+03 4.518084883964038762e-02
1.016666060000000016e+03 4.555718168513486072e-02
1.017685789999999997e+03 4.536901526238761723e-02
1.018705510000000004e+03 4.532720050177712484e-02
1.019725239999999985e+03 4.576625548818732958e-02
1.020744959999999992e+03 4.612168095337654955e-02
1.021764689999999973e+03 4.641438427765000319e-02
1.022784409999999980e+03 4.681162450344971554e-02
1.023804139999999961e+03 4.737612377169140437e-02
1.024823869999999943e+03 4.821241898390130759e-02
1.025843589999999949e+03 4.940413966130043771e-02
1.026863319999999931e+03 5.113945222663601048e-02
1.027883039999999937e+03 5.348107882082375059e-02
1.028902769999999919e+03 5.607359397867447970e-02
1.029922489999999925e+03 5.847794271377796532e-02
1.030942219999999907e+03 6.061049550491323656e-02
1.031961939999999913e+03 6.261760401421702371e-02
1.032981669999999895e+03 6.443654610077356737e-02
1.034001389999999901e+03 6.585824796153041949e-02
1.035021120000000110e+03 6.669454317374033658e-02
1.036040839999999889e+03 6.713359816015053438e-02
1.037060570000000098e+03 6.748902362533974741e-02
1.038080290000000105e+03 6.763537528747648464e-02
1.039100020000000086e+03 6.717541292076102677e-02
1.040119740000000093e+03 6.638093246916161594e-02
1.041139470000000074e+03 6.575371106000417465e-02
1.042159190000000081e+03 6.533556345389922304e-02
1.043178920000000062e+03 6.529374869328873066e-02
1.044198640000000069e+03 6.594187748275141814e-02
1.045218370000000050e+03 6.707087601923479581e-02
1.046238100000000031e+03 6.815805979510768109e-02
1.047257820000000038e+03 6.905707714823333676e-02
1.048277550000000019e+03 7.001881664227471713e-02
1.049297270000000026e+03 7.093874137570563287e-02
1.050317000000000007e+03 7.171231444699979751e-02
1.051336720000000014e+03 7.244407275768345589e-02
1.052356449999999995e+03 7.275768346226219041e-02
1.053376170000000002e+03 7.246498013798871596e-02
1.054395899999999983e+03 7.187957348944178093e-02
1.055415619999999990e+03 7.121053731967384726e-02
1.056435349999999971e+03 7.020698306502194674e-02
1.057455069999999978e+03 6.874346644365460224e-02
1.058474799999999959e+03 6.736357934350825638e-02
1.059494519999999966e+03 6.652728413129835316e-02
1.060514249999999947e+03 6.598369224336191052e-02
1.061533969999999954e+03 6.527284131298349834e-02
1.062553699999999935e+03 6.435291657955258260e-02
1.063573419999999942e+03 6.353752874764792558e-02
1.064593149999999923e+03 6.303575162032197532e-02
1.065612869999999930e+03 6.288939995818523809e-02
1.066632599999999911e+03 6.337026970520594216e-02
1.067652329999999893e+03 6.443654610077356737e-02
1.068672049999999899e+03 6.592097010244617195e-02
1.069691780000000108e+03 6.750993100564499361e-02
1.070711499999999887e+03 6.888981810579133946e-02
1.071731230000000096e+03 7.049968638929542120e-02
1.072750950000000103e+03 7.261133180012545318e-02
1.073770680000000084e+03 7.470206983065022510e-02
1.074790400000000091e+03 7.635375287476479922e-02
1.075810130000000072e+03 7.746184403094291682e-02
1.076829850000000079e+03 7.819360234162660295e-02
1.077849580000000060e+03 7.917624921597324339e-02
1.078869300000000067e+03 8.040978465398285202e-02
1.079889030000000048e+03 8.135061676771900008e-02
1.080908750000000055e+03 8.208237507840268621e-02
1.081928480000000036e+03 8.241689316328665305e-02
1.082948200000000043e+03 8.216600459962367098e-02
1.083967930000000024e+03 8.128789462680327538e-02
1.084987650000000031e+03 7.971984110390968603e-02
1.086007380000000012e+03 7.765001045369014643e-02
1.087027100000000019e+03 7.560108718377588077e-02
1.088046830000000000e+03 7.386577461844030801e-02
1.089066559999999981e+03 7.256951703951496080e-02
1.090086279999999988e+03 7.158687016516830648e-02
1.091106009999999969e+03 7.106418565753711003e-02
1.092125729999999976e+03 7.158687016516830648e-02
1.093145459999999957e+03 7.325946058958812679e-02
1.094165179999999964e+03 7.610286431110181715e-02
1.095184909999999945e+03 8.028434037215137486e-02
1.096204629999999952e+03 8.590842567426301701e-02
1.097224359999999933e+03 9.284967593560528032e-02
1.098244079999999940e+03 1.003554254651892186e-01
1.099263809999999921e+03 1.073593978674472066e-01
1.100283529999999928e+03 1.131925569726113384e-01
1.101303259999999909e+03 1.173113108927451437e-01
1.102322979999999916e+03 1.195274932051014066e-01
1.103342709999999897e+03 1.202174367551745865e-01
1.104362429999999904e+03 1.200501777127325892e-01
1.105382160000000113e+03 1.192975120217436708e-01
1.106401879999999892e+03 1.181685134852602931e-01
1.107421610000000101e+03 1.172276813715241450e-01
1.108441330000000107e+03 1.165795525820614714e-01
1.109461060000000089e+03 1.161195902153460136e-01
1.110480790000000070e+03 1.154087392849675875e-01
1.111500510000000077e+03 1.140079448045159954e-01
1.112520240000000058e+03 1.117708551118544863e-01
1.113539960000000065e+03 1.088229144888145511e-01
1.114559690000000046e+03 1.054777336399749105e-01
1.115579410000000053e+03 1.021116454108300237e-01
1.116599140000000034e+03 9.868283504076938439e-02
1.117618860000000041e+03 9.517039514948777423e-02
1.118638590000000022e+03 9.230608404766882380e-02
1.119658310000000029e+03 9.063349362324900349e-02
1.120678040000000010e+03 8.981810579134436034e-02
1.121697760000000017e+03 8.998536483378632989e-02
1.122717489999999998e+03 9.138615931423792194e-02
1.123737210000000005e+03 9.328873092201546424e-02
1.124756939999999986e+03 9.521220991009826662e-02
1.125776659999999993e+03 9.726113318001254615e-02
1.126796389999999974e+03 9.922642692870584091e-02
1.127816109999999981e+03 1.009199247334309074e-01
1.128835839999999962e+03 1.023416265941877457e-01
1.129855559999999969e+03 1.033660882291448924e-01
1.130875289999999950e+03 1.040560317792180722e-01
1.131895019999999931e+03 1.046205310474597611e-01
1.132914739999999938e+03 1.050804934141752051e-01
1.133934469999999919e+03 1.055404557808906629e-01
1.134954189999999926e+03 1.059586033869956145e-01
1.135973919999999907e+03 1.063349362324900738e-01
1.136993639999999914e+03 1.069203428810370088e-01
1.138013369999999895e+03 1.075057495295839438e-01
1.139033089999999902e+03 1.074430273886682052e-01
1.140052820000000111e+03 1.063767509931005661e-01
1.141072539999999890e+03 1.046205310474597611e-01
1.142092270000000099e+03 1.024252561154087304e-01
1.143111990000000105e+03 1.002508885636629737e-01
1.144131720000000087e+03 9.845285385741166240e-02
1.145151440000000093e+03 9.696842985573908558e-02
1.146171170000000075e+03 9.569307965711897068e-02
1.147190890000000081e+03 9.443863683880410198e-02
1.148210620000000063e+03 9.305874973865774225e-02
1.149230340000000069e+03 9.146978883545892058e-02
1.150250070000000051e+03 8.988082793226008504e-02
1.151269790000000057e+03 8.860547773363997015e-02
1.152289520000000039e+03 8.789462680326155797e-02
1.153309250000000020e+03 8.787371942295631178e-02
1.154328970000000027e+03 8.833368178967175577e-02
1.155348700000000008e+03 8.893999581852393699e-02
1.156368420000000015e+03 8.977629103073384020e-02
1.157388149999999996e+03 9.113527075057495375e-02
1.158407870000000003e+03 9.307965711896300232e-02
1.159427599999999984e+03 9.533765419192975765e-02
1.160447319999999991e+03 9.759565126489651299e-02
1.161467049999999972e+03 9.962366715450554633e-02
1.162486769999999979e+03 1.017353125653355644e-01
1.163506499999999960e+03 1.041605686807443032e-01
1.164526219999999967e+03 1.068576207401212702e-01
1.165545949999999948e+03 1.096383023207192081e-01
1.166565669999999955e+03 1.118753920133807311e-01
1.167585399999999936e+03 1.130671126907798474e-01
1.168605119999999943e+03 1.136525193393267963e-01
1.169624849999999924e+03 1.139661300439055031e-01
1.170644569999999931e+03 1.135897971984110438e-01
1.171664299999999912e+03 1.121262805770436993e-01
1.172684019999999919e+03 1.100773573071294198e-01
1.173703749999999900e+03 1.082166004599623699e-01
1.174723480000000109e+03 1.068994355007317626e-01
1.175743199999999888e+03 1.062513067112690890e-01
1.176762930000000097e+03 1.062513067112690890e-01
1.177782650000000103e+03 1.065649174158477958e-01
1.178802380000000085e+03 1.070248797825632397e-01
1.179822100000000091e+03 1.074848421492786976e-01
1.180841830000000073e+03 1.076102864311101887e-01
1.181861550000000079e+03 1.072966757265314680e-01
1.182881280000000061e+03 1.068785281204265025e-01
1.183901000000000067e+03 1.067112690779845330e-01
1.184920730000000049e+03 1.067739912189002854e-01
1.185940450000000055e+03 1.071503240643947447e-01
1.186960180000000037e+03 1.083838595024043533e-01
1.187979900000000043e+03 1.108509303784235983e-01
1.188999630000000025e+03 1.145097219318419318e-01
1.190019350000000031e+03 1.191302529793017012e-01
1.191039080000000013e+03 1.238971356888981801e-01
1.192058800000000019e+03 1.282249634120844750e-01
1.193078530000000001e+03 1.321764582897762830e-01
1.194098250000000007e+03 1.356052686598369361e-01
1.195117979999999989e+03 1.376541919297512018e-01
1.196137709999999970e+03 1.379468952540246762e-01
1.197157429999999977e+03 1.372778590842567426e-01
1.198177159999999958e+03 1.365879155341835627e-01
1.199196879999999965e+03 1.366297302947940551e-01
1.200216609999999946e+03 1.378214509721931713e-01
1.201236329999999953e+03 1.399540037633284495e-01
1.202256059999999934e+03 1.427137779636211690e-01
1.203275779999999941e+03 1.454108300229981221e-01
1.204295509999999922e+03 1.473343090110808828e-01
1.205315229999999929e+03 1.483587706460380296e-01
1.206334959999999910e+03 1.486723813506167502e-01
1.207354679999999917e+03 1.485887518293957654e-01
1.208374409999999898e+03 1.483378632657328111e-01
1.209394129999999905e+03 1.482333263642065524e-01
1.210413860000000113e+03 1.487141961112272703e-01
1.211433579999999893e+03 1.496341208446581583e-01
1.212453310000000101e+03 1.503867865356470768e-01
1.213473030000000108e+03 1.504286012962575692e-01
1.214492760000000089e+03 1.495504913234371736e-01
1.215512480000000096e+03 1.476897344762701236e-01
1.216532210000000077e+03 1.449508676562826504e-01
1.217551940000000059e+03 1.418983901317164842e-01
1.218571660000000065e+03 1.391804306920342571e-01
1.219591390000000047e+03 1.370269705205937605e-01
1.220611110000000053e+03 1.353961948567844464e-01
1.221630840000000035e+03 1.341835667990800840e-01
1.222650560000000041e+03 1.330545682625966786e-01
1.223670290000000023e+03 1.320719213882500243e-01
1.224690010000000029e+03 1.313192556972611058e-01
1.225709740000000011e+03 1.306920342881036923e-01
1.226729460000000017e+03 1.301902571607777559e-01
1.227749189999999999e+03 1.299393685971148016e-01
1.228768910000000005e+03 1.301693497804725097e-01
1.229788639999999987e+03 1.308802007108509080e-01
1.230808359999999993e+03 1.317583106836713314e-01
1.231828089999999975e+03 1.326991427974074933e-01
1.232847809999999981e+03 1.337026970520593661e-01
1.233867539999999963e+03 1.350616767719004518e-01
1.234887259999999969e+03 1.369224336190675018e-01
1.235906989999999951e+03 1.390549864102028077e-01
1.236926709999999957e+03 1.414384277650010402e-01
1.237946439999999939e+03 1.440936650637675009e-01
1.238966169999999920e+03 1.467907171231444541e-01
1.239985889999999927e+03 1.492577879991636991e-01
1.241005619999999908e+03 1.511185448463307490e-01
1.242025339999999915e+03 1.521639138615931419e-01
1.243045069999999896e+03 1.526238762283085859e-01
1.244064789999999903e+03 1.528538574116662940e-01
1.245084520000000111e+03 1.527493205101400908e-01
1.246104239999999891e+03 1.523102655237298653e-01
1.247123970000000099e+03 1.519966548191511724e-01
1.248143690000000106e+03 1.524357098055613424e-01
1.249163420000000087e+03 1.535438009617394739e-01
1.250183140000000094e+03 1.546100773573071407e-01
1.251202870000000075e+03 1.551745766255488157e-01
1.252222590000000082e+03 1.549655028224963260e-01
1.253242320000000063e+03 1.538783190466234407e-01
1.254262040000000070e+03 1.523520802843403577e-01
1.255281770000000051e+03 1.509094710432782593e-01
1.256301490000000058e+03 1.500313610704578637e-01
1.257321220000000039e+03 1.499268241689316328e-01
1.258340940000000046e+03 1.503240643947313104e-01
1.259360670000000027e+03 1.506376750993100311e-01
1.260380400000000009e+03 1.506167677190047849e-01
1.261400120000000015e+03 1.495713987037423920e-01
1.262419849999999997e+03 1.467698097428392079e-01
1.263439570000000003e+03 1.423165377378214358e-01
1.264459299999999985e+03 1.370896926615094991e-01
1.265479019999999991e+03 1.321555509094710090e-01
1.266498749999999973e+03 1.282040560317792288e-01
1.267518469999999979e+03 1.251933932678235273e-01
1.268538199999999961e+03 1.227890445327200486e-01
1.269557919999999967e+03 1.208237507840267677e-01
1.270577649999999949e+03 1.192766046414384384e-01
1.271597369999999955e+03 1.179803470625130635e-01
1.272617099999999937e+03 1.169558854275559306e-01
1.273636819999999943e+03 1.161823123562617660e-01
1.274656549999999925e+03 1.156387204683253234e-01
1.275676269999999931e+03 1.153669245243570951e-01
1.276695999999999913e+03 1.152623876228308641e-01
1.277715719999999919e+03 1.152205728622203579e-01
1.278735449999999901e+03 1.151787581016098655e-01
1.279755169999999907e+03 1.148860547773363910e-01
1.280774899999999889e+03 1.143006481287894699e-01
1.281794630000000097e+03 1.138825005226845183e-01
1.282814350000000104e+03 1.142588333681789775e-01
1.283834080000000085e+03 1.157641647501568144e-01
1.284853800000000092e+03 1.182939577670917980e-01
1.285873530000000073e+03 1.215136943340999337e-01
1.286893250000000080e+03 1.251724858875182811e-01
1.287912980000000061e+03 1.289985364833786396e-01
1.288932700000000068e+03 1.324900689943550036e-01
1.289952430000000049e+03 1.349780472506794671e-01
1.290972150000000056e+03 1.358979719841103551e-01
1.291991880000000037e+03 1.350198620112899872e-01
1.293011600000000044e+03 1.327827723186284781e-01
1.294031330000000025e+03 1.296675726531465456e-01
1.295051050000000032e+03 1.263851139452226435e-01
1.296070780000000013e+03 1.234371733221827361e-01
1.297090500000000020e+03 1.208864729249425063e-01
1.298110230000000001e+03 1.188166422747229944e-01
1.299129950000000008e+03 1.173113108927451437e-01
1.300149679999999989e+03 1.164541083002299804e-01
1.301169399999999996e+03 1.160568680744302750e-01
1.302189129999999977e+03 1.158477942713777992e-01
1.303208859999999959e+03 1.160150533138197826e-01
1.304228579999999965e+03 1.167677190048087010e-01
1.305248309999999947e+03 1.180221618231235559e-01
1.306268029999999953e+03 1.195693079657118990e-01
1.307287759999999935e+03 1.216182312356261924e-01
1.308307479999999941e+03 1.242107463934768868e-01
1.309327209999999923e+03 1.266150951285803794e-01
1.310346929999999929e+03 1.285803888772736880e-01
1.311366659999999911e+03 1.309638302320719205e-01
1.312386379999999917e+03 1.339117708551118557e-01
1.313406109999999899e+03 1.367342671963202860e-01
1.314425829999999905e+03 1.392640602132552419e-01
1.315445559999999887e+03 1.417311310892744869e-01
1.316465279999999893e+03 1.442400167259042243e-01
1.317485010000000102e+03 1.467698097428392079e-01
1.318504730000000109e+03 1.492996027597741915e-01
1.319524460000000090e+03 1.518503031570144213e-01
1.320544180000000097e+03 1.542337445118126538e-01
1.321563910000000078e+03 1.563662973029479319e-01
1.322583630000000085e+03 1.584152205728621976e-01
1.323603360000000066e+03 1.604432364624712171e-01
1.324623090000000047e+03 1.621994564081120638e-01
1.325642810000000054e+03 1.638929542128371442e-01
1.326662540000000035e+03 1.659627848630566282e-01
1.327682260000000042e+03 1.684507631193811195e-01
1.328701990000000023e+03 1.712105373196738112e-01
1.329721710000000030e+03 1.743048296048504975e-01
1.330741440000000011e+03 1.777336399749111229e-01
1.331761160000000018e+03 1.815387831904662075e-01
1.332780889999999999e+03 1.856784444909052867e-01
1.333800610000000006e+03 1.896090319882918485e-01
1.334820339999999987e+03 1.926824168931632608e-01
1.335840059999999994e+03 1.946686180221618157e-01
1.336859789999999975e+03 1.953585615722349955e-01
1.337879509999999982e+03 1.945849885009408309e-01
1.338899239999999963e+03 1.921806397658373522e-01
1.339918959999999970e+03 1.878737194229563034e-01
1.340938689999999951e+03 1.825214300648128618e-01
1.341958409999999958e+03 1.773991218900271560e-01
1.342978139999999939e+03 1.722977210955467242e-01
1.343997859999999946e+03 1.667781726949613130e-01
1.345017589999999927e+03 1.611540873928496709e-01
1.346037319999999909e+03 1.561572234998954423e-01
1.347057039999999915e+03 1.521430064812878957e-01
1.348076769999999897e+03 1.486932887309219964e-01
1.349096489999999903e+03 1.459753292912397971e-01
1.350116220000000112e+03 1.444072757683462216e-01
1.351135939999999891e+03 1.435082584152205520e-01
1.352155670000000100e+03 1.427765001045368798e-01
1.353175390000000107e+03 1.425674263014844179e-01
1.354195120000000088e+03 1.427555927242316336e-01
1.355214840000000095e+03 1.426301484424001564e-01
1.356234570000000076e+03 1.422538155969056972e-01
1.357254290000000083e+03 1.422747229772109434e-01
1.358274020000000064e+03 1.426928705833158950e-01
1.359293740000000071e+03 1.432991846121680624e-01
1.360313470000000052e+03 1.444699979092619602e-01
1.361333190000000059e+03 1.463307547564290101e-01
1.362352920000000040e+03 1.496132134643529121e-01
1.363372640000000047e+03 1.550491323437173108e-01
1.364392370000000028e+03 1.606732176458289807e-01
1.365412090000000035e+03 1.659418774827514098e-01
1.366431820000000016e+03 1.709596487560108569e-01
1.367451549999999997e+03 1.746184403094292181e-01
1.368471270000000004e+03 1.760192347898808241e-01
1.369490999999999985e+03 1.748693288730921724e-01
1.370510719999999992e+03 1.725695170395149247e-01
1.371530449999999973e+03 1.706878528120426286e-01
1.372550169999999980e+03 1.701860756847166922e-01
1.373569899999999961e+03 1.715241480242525596e-01
1.374589619999999968e+03 1.744511812669872486e-01
1.375609349999999949e+03 1.782145097219318408e-01
1.376629069999999956e+03 1.821869119799288950e-01
1.377648799999999937e+03 1.860129625757892258e-01
1.378668519999999944e+03 1.887100146351662067e-01
1.379688249999999925e+03 1.896090319882918485e-01
1.380707969999999932e+03 1.892326991427973892e-01
1.381727699999999913e+03 1.879573489441772882e-01
1.382747419999999920e+03 1.857620740121262715e-01
1.383767149999999901e+03 1.826050595860338743e-01
1.384786869999999908e+03 1.787162868492577772e-01
1.385806599999999889e+03 1.745348107882082334e-01
1.386826319999999896e+03 1.702697052059377048e-01
1.387846050000000105e+03 1.660882291448881332e-01
1.388865780000000086e+03 1.627221409157432463e-01
1.389885500000000093e+03 1.597951076730085573e-01
1.390905230000000074e+03 1.563872046832531781e-01
1.391924950000000081e+03 1.521639138615931419e-01
1.392944680000000062e+03 1.473134016307756644e-01
1.393964400000000069e+03 1.410830022998118272e-01
1.394984130000000050e+03 1.329082166004599552e-01
1.396003850000000057e+03 1.259460589588124735e-01
1.397023580000000038e+03 1.213673426719631965e-01
1.398043300000000045e+03 1.179594396822078312e-01
1.399063030000000026e+03 1.147606104955049139e-01
1.400082750000000033e+03 1.122517248588751904e-01
1.401102480000000014e+03 1.109763746602550755e-01
1.402122200000000021e+03 1.102446163495713893e-01
1.403141930000000002e+03 1.099100982646874364e-01
1.404161650000000009e+03 1.103909680117081266e-01
1.405181379999999990e+03 1.117499477315492401e-01
1.406201099999999997e+03 1.131716495923060922e-01
1.407220829999999978e+03 1.142379259878737174e-01
1.408240549999999985e+03 1.149905916788626359e-01
1.409260279999999966e+03 1.156387204683253234e-01
1.410280009999999947e+03 1.162450344971775046e-01
1.411299729999999954e+03 1.167049968638929625e-01
1.412319459999999935e+03 1.171649592306084064e-01
1.413339179999999942e+03 1.179176249215973249e-01
1.414358909999999923e+03 1.191511603596069335e-01
1.415378629999999930e+03 1.208655655446372740e-01
1.416398359999999911e+03 1.231026552372987831e-01
1.417418079999999918e+03 1.255279113527075219e-01
1.418437809999999899e+03 1.289358143424628733e-01
1.419457529999999906e+03 1.351034915325109720e-01
1.420477259999999887e+03 1.397867447208864522e-01
1.421496979999999894e+03 1.430901108091156282e-01
1.422516710000000103e+03 1.474179385323018676e-01
1.423536430000000109e+03 1.542964666527283923e-01
1.424556160000000091e+03 1.624503449717750181e-01
1.425575880000000097e+03 1.691616140497595455e-01
1.426595610000000079e+03 1.759983274095755501e-01
1.427615330000000085e+03 1.836295212209909933e-01
1.428635060000000067e+03 1.918670290612586038e-01
1.429654780000000073e+03 2.024879782563244746e-01
1.430674510000000055e+03 2.137570562408530050e-01
1.431694240000000036e+03 2.223081747856993362e-01
1.432713960000000043e+03 2.300648128789462565e-01
1.433733690000000024e+03 2.368806188584570427e-01
1.434753410000000031e+03 2.410620949195065865e-01
1.435773140000000012e+03 2.439682207819360293e-01
1.436792860000000019e+03 2.461844030942922645e-01
1.437812590000000000e+03 2.446372569517039353e-01
1.438832310000000007e+03 2.410202801588960664e-01
1.439852039999999988e+03 2.366924524357097992e-01
1.440871759999999995e+03 2.319255697261133065e-01
1.441891489999999976e+03 2.272632239180430447e-01
1.442911209999999983e+03 2.232280995191302242e-01
1.443930939999999964e+03 2.205310474597532711e-01
1.444950659999999971e+03 2.192347898808279238e-01
1.445970389999999952e+03 2.187748275141124799e-01
1.446990109999999959e+03 2.191720677399121853e-01
1.448009839999999940e+03 2.208864729249424841e-01
1.449029559999999947e+03 2.226008781099728107e-01
1.450049289999999928e+03 2.238762283085929117e-01
1.451069019999999909e+03 2.254442818314865149e-01
1.452088739999999916e+03 2.272423165377377985e-01
1.453108469999999897e+03 2.292285176667363533e-01
1.454128189999999904e+03 2.314446999790926163e-01
1.455147920000000113e+03 2.343926406021325515e-01
1.456167639999999892e+03 2.394731340163077371e-01
1.457187370000000101e+03 2.493205101400794432e-01
1.458207090000000107e+03 2.585824796153041727e-01
1.459226820000000089e+03 2.643947313401631138e-01
1.460246540000000095e+03 2.678444490905289577e-01
1.461266270000000077e+03 2.696215764164750506e-01
1.462285990000000083e+03 2.696842985573907892e-01
1.463305720000000065e+03 2.672590424419820088e-01
1.464325440000000071e+03 2.613422538155968922e-01
1.465345170000000053e+03 2.515994145933514448e-01
1.466364890000000059e+03 2.430482960485051136e-01
1.467384620000000041e+03 2.350825841522057313e-01
1.468404340000000047e+03 2.261342253815596670e-01
1.469424070000000029e+03 2.162868492577879886e-01
1.470443790000000035e+03 2.063558436127952977e-01
1.471463520000000017e+03 1.944177294584988336e-01
1.472483249999999998e+03 1.745139034079029594e-01
1.473502970000000005e+03 1.537737821450972098e-01
1.474522699999999986e+03 1.417311310892744869e-01
1.475542419999999993e+03 1.328245870792389427e-01
1.476562149999999974e+03 1.228308592933305549e-01
1.477581869999999981e+03 1.155759983274095848e-01
1.478601599999999962e+03 1.113527075057495347e-01
1.479621319999999969e+03 1.080284340372151403e-01
1.480641049999999950e+03 1.054986410202801705e-01
1.481660769999999957e+03 1.036796989337236130e-01
1.482680499999999938e+03 1.026970520593769726e-01
1.483700219999999945e+03 1.023625339744930057e-01
1.484719949999999926e+03 1.021116454108300237e-01
1.485739669999999933e+03 1.015053313819778424e-01
1.486759399999999914e+03 1.010244616349571384e-01
1.487779119999999921e+03 1.012126280577043680e-01
1.488798849999999902e+03 1.021952749320510084e-01
1.489818569999999909e+03 1.037006063140288592e-01
1.490838299999999890e+03 1.052895672172276809e-01
1.491858019999999897e+03 1.073803052477524667e-01
1.492877750000000106e+03 1.100146351662136673e-01
1.493897480000000087e+03 1.126907798452853882e-01
1.494917200000000093e+03 1.153251097637466027e-01
1.495936930000000075e+03 1.201547146142588340e-01
1.496956650000000081e+03 1.260296884800334583e-01
1.497976380000000063e+03 1.310892745139033977e-01
1.498996100000000069e+03 1.386577461844030745e-01
1.500015830000000051e+03 1.456199038260505840e-01
1.501035550000000057e+03 1.517248588751829164e-01
1.502055280000000039e+03 1.593142379259878394e-01
1.503075000000000045e+03 1.665481915116035772e-01
1.504094730000000027e+03 1.718377587288312802e-01
1.505114450000000033e+03 1.771691407066694479e-01
1.506134180000000015e+03 1.901317164959230588e-01
1.507153900000000021e+03 2.145933514530629083e-01
1.508173630000000003e+03 2.276395567635375039e-01
1.509193350000000009e+03 2.381559690570771437e-01
1.510213079999999991e+03 2.491532510976374737e-01
1.511232799999999997e+03 2.602132552791135423e-01
1.512252529999999979e+03 2.752874764791971574e-01
1.513272249999999985e+03 2.900271795943968334e-01
1.514291979999999967e+03 3.015053313819778258e-01
1.515311709999999948e+03 3.134434455362742900e-01
1.516331429999999955e+03 3.301902571607777670e-01
1.517351159999999936e+03 3.543800961739494437e-01
1.518370879999999943e+03 3.676353752874764735e-01
1.519390609999999924e+03 3.735312565335563439e-01
1.520410329999999931e+03 3.849466861802216533e-01
1.521430059999999912e+03 4.107673008572025886e-01
1.522449779999999919e+03 4.307547564290195030e-01
1.523469509999999900e+03 4.401839849466862020e-01
1.524489229999999907e+03 4.488814551536692288e-01
1.525508959999999888e+03 4.621994564081121082e-01
1.526528679999999895e+03 4.741166631821032706e-01
1.527548410000000104e+03 4.831068367133597996e-01
1.528568130000000110e+03 4.927451390340790160e-01
1.529587860000000092e+03 4.994773154923687897e-01
1.530607580000000098e+03 5.040351243989128482e-01
1.531627310000000080e+03 5.071085093037842606e-01
1.532647030000000086e+03 5.090319882918670213e-01
1.533666760000000068e+03 5.091156178130880061e-01
1.534686480000000074e+03 5.059795107673008552e-01
1.535706210000000056e+03 5.005017771273260196e-01
1.536725940000000037e+03 4.939577670917834062e-01
1.537745660000000044e+03 4.870792389713569093e-01
1.538765390000000025e+03 4.775454735521639238e-01
1.539785110000000032e+03 4.590006272214091632e-01
1.540804840000000013e+03 4.432364624712523682e-01
1.541824560000000019e+03 4.302320719213882927e-01
1.542844290000000001e+03 4.166422747229772128e-01
1.543864010000000007e+03 4.060631402885218622e-01
1.544883739999999989e+03 3.945640811206355680e-01
1.545903459999999995e+03 3.839222245452645343e-01
1.546923189999999977e+03 3.759146978883546319e-01
1.547942909999999983e+03 3.687434664436546328e-01
1.548962639999999965e+03 3.618649383232281358e-01
1.549982359999999971e+03 3.540037633284549567e-01
1.551002089999999953e+03 3.468743466443654500e-01
1.552021809999999959e+03 3.412711687225590818e-01
1.553041539999999941e+03 3.355216391386159347e-01
1.554061259999999947e+03 3.268032615513276062e-01
1.555080989999999929e+03 3.168722559063349431e-01
1.556100709999999935e+03 3.102028015889609081e-01
1.557120439999999917e+03 3.045159941459334996e-01
1.558140169999999898e+03 2.945640811206355902e-01
1.559159889999999905e+03 2.751411248170604895e-01
1.560179620000000114e+03 2.631193811415429851e-01
1.561199339999999893e+03 2.563662973029479097e-01
1.562219070000000102e+03 2.498222872674053796e-01
1.563238790000000108e+03 2.420865565544637055e-01
1.564258520000000090e+03 2.326991427974074711e-01
1.565278240000000096e+03 2.221827305038678313e-01
1.566297970000000078e+03 2.134016307756637920e-01
1.567317690000000084e+03 2.061049550491323434e-01
1.568337420000000066e+03 1.986828350407693622e-01
1.569357140000000072e+03 1.873301275350198469e-01
1.570376870000000054e+03 1.754965502822496415e-01
1.571396590000000060e+03 1.685553000209073782e-01
1.572416320000000042e+03 1.620740121262805589e-01
1.573436040000000048e+03 1.552582061467698005e-01
1.574455770000000030e+03 1.492577879991636991e-01
1.575475490000000036e+03 1.427137779636211690e-01
1.576495220000000018e+03 1.326573280367969732e-01
1.577514940000000024e+03 1.263851139452226435e-01
1.578534670000000006e+03 1.229772109554672921e-01
1.579554399999999987e+03 1.194438636838804080e-01
1.580574119999999994e+03 1.158687016516830454e-01
1.581593849999999975e+03 1.126489650846748958e-01
1.582613569999999982e+03 1.098264687434664377e-01
1.583633299999999963e+03 1.075475642901944362e-01
1.584653019999999970e+03 1.058331591051641374e-01
1.585672749999999951e+03 1.043905498641020252e-01
1.586692469999999958e+03 1.032824587079238937e-01
1.587712199999999939e+03 1.028852184821242022e-01
1.588731919999999946e+03 1.031151996654819242e-01
1.589751649999999927e+03 1.037215136943341054e-01
1.590771369999999933e+03 1.047668827095964844e-01
1.591791099999999915e+03 1.061258624294375841e-01
1.592810819999999921e+03 1.076521011917206810e-01
1.593830549999999903e+03 1.098891908843821902e-01
1.594850269999999909e+03 1.133389086347480618e-01
1.595869999999999891e+03 1.174576625548818809e-01
1.596889719999999897e+03 1.218691197992891467e-01
1.597909450000000106e+03 1.266360025088856534e-01
1.598929170000000113e+03 1.319464771064185749e-01
1.599948900000000094e+03 1.380096173949404148e-01
1.600968630000000076e+03 1.448881455153669118e-01
1.601988350000000082e+03 1.525820614676980658e-01
1.603008080000000064e+03 1.614049759565126252e-01
1.604027800000000070e+03 1.708969266150951183e-01
1.605047530000000052e+03 1.800961739494041369e-01
1.606067250000000058e+03 1.903198829186703023e-01
1.607086980000000040e+03 2.027388668199874566e-01
1.608106700000000046e+03 2.160568680744302805e-01
1.609126430000000028e+03 2.304411457244407158e-01
1.610146150000000034e+03 2.465398285594814776e-01
1.611165880000000016e+03 2.623667154505540666e-01
1.612185600000000022e+03 2.789044532720050817e-01
1.613205330000000004e+03 2.970520593769601092e-01
1.614225050000000010e+03 3.146351662136734340e-01
1.615244779999999992e+03 3.307965711896299621e-01
1.616264499999999998e+03 3.590006272214091854e-01
1.617284229999999980e+03 4.040560317792181166e-01
1.618303949999999986e+03 4.325946058958812790e-01
1.619323679999999968e+03 4.591051641229353941e-01
1.620343399999999974e+03 4.920551954840058362e-01
1.621363129999999956e+03 5.264896508467489245e-01
1.622382859999999937e+03 5.659836922433618689e-01
1.623402579999999944e+03 6.296048505122308070e-01
1.624422309999999925e+03 6.923688061885845402e-01
1.625442029999999932e+03 7.337026970520593716e-01
1.626461759999999913e+03 7.737403303366088281e-01
1.627481479999999920e+03 8.268450763119381541e-01
1.628501209999999901e+03 8.855530002090737929e-01
1.629520929999999908e+03 9.269705205937696091e-01
1.630540659999999889e+03 9.578925360652310594e-01
1.631560379999999896e+03 9.815387831904662796e-01
1.632580110000000104e+03 9.954630984737612431e-01
1.633599830000000111e+03 1.000000000000000000e+00
1.634619560000000092e+03 9.930169349780472166e-01
1.635639280000000099e+03 9.592097010244616806e-01
1.636659010000000080e+03 9.212418983901317082e-01
1.637678730000000087e+03 8.866192766046414597e-01
1.638698460000000068e+03 8.517875810160986383e-01
1.639718180000000075e+03 8.173113108927451131e-01
1.640737910000000056e+03 7.798661927660464066e-01
1.641757630000000063e+03 7.427765001045369964e-01
1.642777360000000044e+03 7.078402676144679440e-01
1.643797090000000026e+03 6.783190466234580995e-01
1.644816810000000032e+03 6.527911352707506110e-01
1.645836540000000014e+03 6.211164541083002977e-01
1.646856260000000020e+03 5.802007108509305011e-01
1.647875990000000002e+03 5.448045159941460325e-01
1.648895710000000008e+03 5.196529374869328644e-01
1.649915439999999990e+03 5.018607568471670222e-01
1.650935159999999996e+03 4.871628684925779496e-01
1.651954889999999978e+03 4.722349989546310023e-01
1.652974609999999984e+03 4.359816015053314397e-01
1.653994339999999966e+03 3.951913025297930648e-01
1.655014059999999972e+03 3.821660045996236876e-01
1.656033789999999954e+03 3.705833159105164643e-01
1.657053509999999960e+03 3.575580179803470871e-01
1.658073239999999942e+03 3.443027388668200017e-01
1.659092959999999948e+03 3.327409575580180245e-01
1.660112689999999930e+03 3.227681371524148135e-01
1.661132409999999936e+03 3.139243152832950079e-01
1.662152139999999918e+03 3.041605686807443143e-01
1.663171859999999924e+03 2.946477106418565750e-01
1.664191589999999906e+03 2.889609031988291665e-01
1.665211319999999887e+03 2.846957976165586657e-01
1.666231039999999894e+03 2.804934141752038479e-01
1.667250770000000102e+03 2.768346226217854866e-01
1.668270490000000109e+03 2.734058122517248335e-01
1.669290220000000090e+03 2.706251306711269233e-01
1.670309940000000097e+03 2.697052059376960353e-01
1.671329670000000078e+03 2.695588542755593120e-01
1.672349390000000085e+03 2.702487978256324919e-01
1.673369120000000066e+03 2.705833159105164309e-01
1.674388840000000073e+03 2.693706878528120408e-01
1.675408570000000054e+03 2.644574534810788524e-01
1.676428290000000061e+03 2.580597951076730179e-01
1.677448020000000042e+03 2.511394522266359730e-01
1.678467740000000049e+03 2.423583524984319337e-01
1.679487470000000030e+03 2.311729040351243880e-01
1.680507190000000037e+03 2.187330127535019597e-01
1.681526920000000018e+03 2.098055613631611971e-01
1.682546640000000025e+03 2.033242734685343778e-01
1.683566370000000006e+03 1.937277859084256537e-01
1.684586090000000013e+03 1.789880827932259777e-01
1.685605819999999994e+03 1.742212000836295127e-01
1.686625549999999976e+03 1.709387413757056107e-01
1.687645269999999982e+03 1.651264896508467250e-01
1.688664999999999964e+03 1.565335563453899015e-01
1.689684719999999970e+03 1.466234580807024845e-01
1.690704449999999952e+03 1.364624712523520578e-01
1.691724169999999958e+03 1.271795943968220821e-01
1.692743899999999940e+03 1.185239389504495200e-01
1.693763619999999946e+03 1.107254860965920934e-01
1.694783349999999928e+03 1.033033660882291538e-01
1.695803069999999934e+03 9.205519548400585561e-02
1.696822799999999916e+03 8.346226217854903207e-02
1.697842519999999922e+03 8.011708132970939145e-02
1.698862249999999904e+03 7.689734476270122798e-02
1.699881969999999910e+03 7.116872255906335487e-02
1.700901699999999892e+03 6.761446790717123845e-02
1.701921419999999898e+03 6.845076311938115554e-02
1.702941150000000107e+03 6.882709596487561476e-02
1.703960870000000114e+03 6.924524357098056637e-02
1.704980600000000095e+03 7.068785281204265081e-02
1.706000320000000102e+03 7.392849675935606046e-02
1.707020050000000083e+03 7.877900899017353797e-02
1.708039780000000064e+03 8.373405812251724645e-02
1.709059500000000071e+03 8.944177294584990112e-02
1.710079230000000052e+03 9.763746602550701925e-02
1.711098950000000059e+03 1.067112690779845330e-01
1.712118680000000040e+03 1.146351662136734367e-01
1.713138400000000047e+03 1.221200083629521149e-01
1.714158130000000028e+03 1.308174785699351972e-01
1.715177850000000035e+03 1.409575580179803223e-01
1.716197580000000016e+03 1.481287894626803214e-01
1.717217300000000023e+03 1.528120426510558016e-01
1.718237030000000004e+03 1.572862220363788199e-01
1.719256750000000011e+03 1.576834622621785531e-01
1.720276479999999992e+03 1.545055404557808820e-01
1.721296199999999999e+03 1.483587706460380296e-01
1.722315929999999980e+03 1.390968011708132723e-01
1.723335649999999987e+03 1.263014844240016588e-01
1.724355379999999968e+03 1.118962993936859773e-01
1.725375099999999975e+03 9.839013171649593770e-02
1.726394829999999956e+03 8.549027806815806541e-02
1.727414549999999963e+03 7.382395985782981562e-02
1.728434279999999944e+03 6.403930587497387583e-02
1.729454009999999926e+03 5.421283713150742284e-02
1.730473729999999932e+03 4.474179385323019675e-02
1.731493459999999914e+03 3.890863474806607186e-02
1.732513179999999920e+03 3.455989964457453767e-02
1.733532909999999902e+03 2.837131507422119975e-02
1.734552629999999908e+03 2.280995191302529965e-02
1.735572359999999890e+03 2.174367551745766056e-02
1.736592079999999896e+03 2.107463934768973382e-02
1.737611810000000105e+03 2.009199247334308991e-02
1.738631530000000112e+03 1.871210537319673711e-02
1.739651260000000093e+03 1.634957139870374387e-02
1.740670980000000100e+03 1.490696215764164903e-02
1.741690710000000081e+03 1.453062931214718634e-02
1.742710430000000088e+03 1.358979719841104002e-02
1.743730160000000069e+03 1.252352080284340440e-02
1.744749880000000076e+03 1.216809533765419310e-02
1.745769610000000057e+03 1.172904035124399010e-02
1.746789330000000064e+03 1.083002299811833616e-02
1.747809060000000045e+03 9.826468743466446054e-03
1.748828780000000052e+03 9.324691616140499267e-03
1.749848510000000033e+03 9.345598996445745460e-03
1.750868240000000014e+03 9.136525193393269656e-03
1.751887960000000021e+03 8.948358770646040045e-03
1.752907690000000002e+03 9.115617813088021729e-03
1.753927410000000009e+03 9.136525193393269656e-03
1.754947139999999990e+03 8.739284967593559036e-03
1.755966859999999997e+03 8.028434037215136446e-03
1.756986589999999978e+03 7.463934768973448479e-03
1.758006309999999985e+03 7.296675726531465928e-03
1.759026039999999966e+03 7.066694543173742196e-03
1.760045759999999973e+03 6.460380514321556640e-03
1.761065489999999954e+03 5.582270541501150631e-03
1.762085209999999961e+03 5.164122935396194686e-03
1.763104939999999942e+03 5.707714823332637327e-03
1.764124659999999949e+03 6.272214091574327896e-03
1.765144389999999930e+03 6.439473134016310447e-03
1.766164109999999937e+03 6.084047668827096550e-03
1.767183839999999918e+03 5.289567217227681382e-03
1.768203559999999925e+03 4.515994145933515877e-03
1.769223289999999906e+03 4.557808906544010864e-03
1.770243009999999913e+03 4.662345808070249634e-03
1.771262739999999894e+03 3.993309638302321163e-03
1.772282470000000103e+03 2.780681580597952219e-03
1.773302190000000110e+03 2.947940623039934337e-03
1.774321920000000091e+03 3.679698933723604855e-03
1.775341640000000098e+03 4.097846539828559065e-03
1.776361370000000079e+03 4.223290821660045762e-03
1.777381090000000086e+03 4.202383441354799569e-03
1.778400820000000067e+03 4.181476061049550774e-03
1.779420540000000074e+03 4.118753920133807860e-03
1.780440270000000055e+03 3.993309638302321163e-03
1.781459990000000062e+03 3.888772736776083261e-03
1.782479720000000043e+03 3.784235835249843190e-03
1.783499440000000050e+03 3.637884173113109434e-03
1.784519170000000031e+03 3.386995609450137341e-03
1.785538890000000038e+03 3.115199665481915153e-03
1.786558620000000019e+03 3.031570144260925612e-03
1.787578340000000026e+03 2.927033242734685542e-03
1.788598070000000007e+03 2.697052059376960943e-03
1.789617790000000014e+03 2.571607777545473813e-03
1.790637519999999995e+03 1.965293748693290425e-03
1.791657240000000002e+03 5.644992682416899183e-04
1.792676969999999983e+03 0.000000000000000000e+00
1.793696699999999964e+03 1.087183775872884199e-03
1.794716419999999971e+03 2.090738030524775387e-03
1.795736149999999952e+03 2.487978256324482537e-03
1.796755869999999959e+03 2.529793016934978392e-03
1.797775599999999940e+03 2.383441354798244635e-03
1.798795319999999947e+03 2.153460171440519603e-03
1.799815049999999928e+03 1.881664227472298933e-03
