0.3722440703323624 1458.5079093084332 1.0391395030824921 0 0.6682523179381967
0.7171204213800821 1449.5060825132282 19.97844825142616 0 0.6637072791631273
0.24509933480247037 1396.112260517912 15.379534927813243 0 0.9651857414574772
0.4747581368471699 1375.7602136962603 10.129534615645781 0 0.9974067208673011
0.16519026790515048 1348.6739633009347 6.897282362827079 0 0.9378977695505153
0.07583307914546927 1342.3119339183577 8.723258119343528 0 0.9982567001208231
0.06333185479076085 1323.65379540564 17.395474462430997 0 0.8080307185563156
0.020322130197612937 1306.8385738788306 2.028884909023744 0 0.8765534393847105
0.4549009577831797 1285.2761764882725 19.51840985640714 0 0.6935367590392362
0.20919658089950047 1253.4000975115748 15.979452790251075 0 0.016365829622994765
0.09028969532709238 1231.2290272098537 19.986887852688973 0 0.8606979411309694
5.325007235951196e-06 1226.453894304642 1.3780693808830342 0 0.03952215850694951
0.046426185636455015 1217.0757324428605 18.044604090640114 0 0.02348210126784095
0.030398833699951985 1163.1517402222514 14.784582172356622 0 0.8835264049554473
0.19746143616787973 1130.6367068500035 8.765058308858869 0 0.40484711096434883
0.14095940443682636 1116.6534647590381 11.758968405518663 0 0.052186717063284926
0.3981645373872946 1094.716393183957 9.272001676224264 0 0.8909865249783486
0.27359577394928675 1069.856763803439 15.198934551125392 0 0.999466101255821
0.6198752373028097 1051.0160125220252 7.668902715262698 0 0.15514450876197577
0.16661975951599758 1042.5511813364503 13.73169160163062 0 0.6684010746696829
0.9545126996332521 1025.4722329909864 9.748395534100965 0 0.7163309750458693
0.24587314560506818 1004.5404253039936 18.983761286201712 0 0.32852421379051266
