0.06690955916146853 1008.21511611617 8.203780660083883 0 0.5764262698222321
0.1885300037789517 1014.9513052677813 8.368819211159238 0 0.7826008297377489
0.6791541767960131 1045.8004756115688 7.116819710686122 0 0.9816738272025296
0.7100189863773345 1066.1730905674924 6.4771356468309875 0 0.5886084425788449
0.7718988022481598 1076.1035433819104 8.041262704312452 0 0.9670060572086246
0.5576587251878882 1117.80861727719 9.19476090808781 0 0.9999439334215006
0.0002256228686054407 1131.3208571700372 1.7925741609176118 0 0.18060863731368615
0.13114012009555226 1135.9730256675018 11.422529630246547 0 0.9947580867523621
0.21867999681092024 1157.5067306674987 7.773923390913277 0 0.6521919570642661
0.040014944506596865 1179.510778991781 5.937481244599733 0 0.6638158166125838
0.018229315803939758 1187.3662690656472 8.75686036826368 0 0.7504323505612048
0.017482314189529276 1222.7610342833552 7.49075483401189 0 0.3198085338880158
0.04211441711851354 1237.5016005840491 11.849492622684306 0 0.9980406311136124
0.030194013057537165 1249.444748471068 9.290606433882537 0 0.021436233384077963
0.10061656898096583 1260.4072680380891 8.548997275065094 0 0.022927088156401487
0.08405544912421468 1274.8342667709828 14.245150330765606 0 0.9976778428657118
0.4721088365974458 1288.6758136322055 7.52397963979794 0 0.9773306747414783
0.2649073165339836 1309.6338813668024 6.34799259587576 0 0.8963201018024173
0.6399597107840566 1317.966311182462 9.389402979250393 0 0.5226714298204488
0.03274085113859006 1343.8029651072557 15.032167761552039 0 0.7832012765003276
0.024618832122736176 1352.439282303383 5.932697019446236 0 0.0026903110001076924
0.06665071228114591 1364.0875220569721 10.428979628168337 0 0.040424323632410275
0.06862323598146258 1371.160793974463 2.7019741125325663 0 0.12965275043998914
0.15123740650073325 1381.6062852280186 3.1043715790154964 0 0.822194547813873
0.07357712300283559 1385.8085543687907 1.8759205832949537 0 0.8675447746599254
0.45633239536430376 1413.2237319233523 10.804669992822978 0 0.9190779201989527
0.7744121913353736 1433.1577610487632 6.628150005941127 0 0.5592136434443894
0.06163794227633125 1453.9750353007128 5.221598717292981 0 0.9477404727672958
0.0238228862643678 1454.8565451137076 8.347739625687545 0 0.9992706596212666
0.27686361886333605 1481.5256670006445 7.651721689807186 0 0.8284111524505736
0.9673451411608217 1498.1064140411668 10.375196116727214 0 0.610100691028565
0.5849728030055629 1698.224074934242 6.779943348394897 0 0.9102219855154057
0.2843672017094521 1705.9824045475605 11.161850080576057 0 0.5742526016153948
