0.18076819603130354 1019.7605423872221 16.944412530143463 0 0.16032519388177646
0.3532042746122459 1052.0327712986164 12.825570201148732 0 0.9079458603802464
0.04383797202354723 1096.0004021783193 7.599526416043372 0 0.16674528531709282
0.4619516006150257 1129.358799586303 16.1510615411309 0 0.898880417296049
0.3326739732748465 1167.869381956713 14.860424045401441 0 0.011915667050345247
0.3005914685263446 1233.719852503765 18.308373560265277 0 0.44385157114374046
0.17664165650929514 1263.0244502562666 19.91512380901835 0 0.9788920143809943
0.21689608760046564 1287.8547026754402 18.83884208223891 0 0.4270073584692325
0.11616431105470558 1306.0731480934403 16.21324244039214 0 0.10091087524588233
0.5542757598843706 1350.28448371065 16.94718813217573 0 0.9995117216533334
0.2592815925035783 1377.0076626855844 19.956403008828186 0 0.9144363284278323
0.4733357784500831 1403.0754716944189 19.85703007986159 0 0.24337578387190045
0.5766515095389018 1441.277112280515 17.026213939913333 0 0.9836022447922453
0.9055323898088685 1459.4974782608442 14.477712976871208 0 0.7448545068702741
