0.1436329474531578 1014.5634416669704 10.566623339628075 0 0.8777095268038161
0.08887852907738646 1031.2398124381045 5.8443595814752385 0 0.47958711964535333
0.12979480805326474 1045.9818540012325 7.064406585567604 0 0.15434184972212645
0.1922005099933372 1065.9496773647513 6.083289965402012 0 0.5401061099983119
0.146479436260974 1076.7577653133294 9.85670432009254 0 0.9988637824227174
0.03171054740283764 1117.6340144534197 11.518614478841604 0 0.7823504515088611
0.04619921394857825 1136.7561697140145 9.452759326730378 0 0.9747641784694783
0.15918539192119704 1156.4790507859955 8.915251464545273 0 0.723775810177756
0.1817760884035732 1186.954031800814 7.780422437809124 0 0.8181945836341203
0.008591546112838161 1222.3342108160366 5.4806852561375115 0 0.0005552824179783644
0.1948436447660598 1258.375897714645 11.280401148685055 0 0.7558629631051407
0.059139093942382086 1282.8323350994317 19.993255107081122 0 0.6458710220933623
0.07103193136633379 1289.808297427927 7.236294362774277 0 0.119875122462749
0.04426185003055691 1308.9827350091045 6.24638865177 0 0.4491942684502605
0.14833417090298825 1316.2547764693643 13.290946203835682 0 0.676278682932922
0.05015051280967312 1332.8485149927255 4.51183080317317 0 0.832286699654389
0.04892633780980122 1343.4202018928831 17.860089927096183 0 0.2030636786773774
0.3129126444839253 1380.0455247730451 12.44358775615767 0 0.9719511922186352
0.10629048253336894 1385.3382930885077 7.085273985216563 0 0.3375691337974795
0.0773464956192225 1402.8025257116824 17.531548923949423 0 0.02435140922290685
0.0788411599984515 1413.8573314652344 7.333547002194596 0 0.0600646275373925
0.1222218242897259 1433.1618024669615 7.301290785206717 0 0.02161477240177706
0.6415364763208231 1455.5888207506707 9.20323424725574 0 0.5657578338449171
0.3051931612283415 1481.9295331680128 9.231145629982418 0 0.948430714523354
0.6798603466107837 1501.0556956222422 9.626729097909841 0 0.2003653451713573
0.9067513483139927 1699.3165846049335 9.924320146606249 0 0.9994077929563059
