9.010000000000000000e+02 6.113298901442459216e-02
9.020000000000000000e+02 7.360801840967770571e-02
9.030000000000000000e+02 8.834835998104280386e-02
9.040000000000000000e+02 1.051557578936328646e-01
9.050000000000000000e+02 1.205865491482155383e-01
9.060000000000000000e+02 1.265960048178193520e-01
9.070000000000000000e+02 1.208858015408013631e-01
9.080000000000000000e+02 1.104992460521353193e-01
9.090000000000000000e+02 1.023178802627947581e-01
9.100000000000000000e+02 9.917273765167042288e-02
9.110000000000000000e+02 1.018642167997097087e-01
9.120000000000000000e+02 1.107195927070980801e-01
9.130000000000000000e+02 1.262523846033110075e-01
9.140000000000000000e+02 1.487571695462864552e-01
9.150000000000000000e+02 1.770420033516371672e-01
9.160000000000000000e+02 2.097770376254608771e-01
9.170000000000000000e+02 2.504427205391265843e-01
9.180000000000000000e+02 3.061899370737369841e-01
9.190000000000000000e+02 3.759877002614455677e-01
9.200000000000000000e+02 4.389716341288630308e-01
9.210000000000000000e+02 4.700894598315099038e-01
9.220000000000000000e+02 4.757749930958612983e-01
9.230000000000000000e+02 4.880251107031564617e-01
9.240000000000000000e+02 5.217229098354314587e-01
9.250000000000000000e+02 5.683475240261216532e-01
9.260000000000000000e+02 6.308381646248363284e-01
9.270000000000000000e+02 7.174385692592160080e-01
9.280000000000000000e+02 7.928912174913689270e-01
9.290000000000000000e+02 7.965125604891906130e-01
9.300000000000000000e+02 7.277262029001502208e-01
9.310000000000000000e+02 6.473500888572590872e-01
9.320000000000000000e+02 6.094287644149823935e-01
9.330000000000000000e+02 6.253289729489318605e-01
9.340000000000000000e+02 6.579130375027846256e-01
9.350000000000000000e+02 6.344163224799362899e-01
9.360000000000000000e+02 5.344254335500467912e-01
9.370000000000000000e+02 4.147925688453089621e-01
9.380000000000000000e+02 3.175708849627332797e-01
9.390000000000000000e+02 2.491221732636394182e-01
9.400000000000000000e+02 2.035637888627389036e-01
9.410000000000000000e+02 1.745514597680610513e-01
9.420000000000000000e+02 1.579323994956551291e-01
9.430000000000000000e+02 1.517420510710068560e-01
9.440000000000000000e+02 1.556784346634780269e-01
9.450000000000000000e+02 1.698572827244519134e-01
9.460000000000000000e+02 1.910510806905131864e-01
9.470000000000000000e+02 2.079895621819713714e-01
9.480000000000000000e+02 2.111227779954008843e-01
9.490000000000000000e+02 2.087440958960261606e-01
9.500000000000000000e+02 2.124130318697417807e-01
9.510000000000000000e+02 2.201218785266478295e-01
9.520000000000000000e+02 2.198766273002477623e-01
9.530000000000000000e+02 2.015523819323753185e-01
9.540000000000000000e+02 1.691029788497498687e-01
9.550000000000000000e+02 1.364974768767024393e-01
9.560000000000000000e+02 1.106113102496234235e-01
9.570000000000000000e+02 9.099742009162016532e-02
9.580000000000000000e+02 7.591691504717451577e-02
9.590000000000000000e+02 6.431283969330905959e-02
9.600000000000000000e+02 5.557466360357919688e-02
9.610000000000000000e+02 4.910780070399375224e-02
9.620000000000000000e+02 4.434536256596754988e-02
9.630000000000000000e+02 4.084582535188227559e-02
9.640000000000000000e+02 3.831105080378614108e-02
9.650000000000000000e+02 3.656088758700792862e-02
9.660000000000000000e+02 3.550444681099901301e-02
9.670000000000000000e+02 3.510990451879174995e-02
9.680000000000000000e+02 3.533645913740848105e-02
9.690000000000000000e+02 3.599941272091806282e-02
9.700000000000000000e+02 3.678179718282984650e-02
9.710000000000000000e+02 3.758471891670206455e-02
9.720000000000000000e+02 3.865248023074181749e-02
9.730000000000000000e+02 4.043548080403017164e-02
9.740000000000000000e+02 4.348196514098717769e-02
9.750000000000000000e+02 4.841301708753768807e-02
9.760000000000000000e+02 5.592040820860859351e-02
9.770000000000000000e+02 6.645498101686721226e-02
9.780000000000000000e+02 7.917170388619200472e-02
9.790000000000000000e+02 9.171480002341574067e-02
9.800000000000000000e+02 1.036760301015242913e-01
9.810000000000000000e+02 1.170902847427039428e-01
9.820000000000000000e+02 1.294152705512405799e-01
9.830000000000000000e+02 1.332717581705551158e-01
9.840000000000000000e+02 1.278832629294596457e-01
9.850000000000000000e+02 1.205557351890309686e-01
9.860000000000000000e+02 1.174075840202461057e-01
9.870000000000000000e+02 1.210245099627701298e-01
9.880000000000000000e+02 1.310822989210042311e-01
9.890000000000000000e+02 1.433511085671423380e-01
9.900000000000000000e+02 1.517783811601953192e-01
9.910000000000000000e+02 1.495341087427070337e-01
9.920000000000000000e+02 1.357909215376461587e-01
9.930000000000000000e+02 1.201793003982348229e-01
9.940000000000000000e+02 1.108390344266155375e-01
9.950000000000000000e+02 1.098924838676239996e-01
9.960000000000000000e+02 1.153255913981354325e-01
9.970000000000000000e+02 1.235173164252646866e-01
9.980000000000000000e+02 1.322256840630584851e-01
9.990000000000000000e+02 1.402412787901246016e-01
1.000000000000000000e+03 1.456501353563062762e-01
1.001000000000000000e+03 1.441009289603053523e-01
1.002000000000000000e+03 1.316034546950403394e-01
1.003000000000000000e+03 1.119727711434420347e-01
1.004000000000000000e+03 9.352400348980768885e-02
1.005000000000000000e+03 8.046170437280172894e-02
1.006000000000000000e+03 7.242598890875660833e-02
1.007000000000000000e+03 6.771806644084002458e-02
1.008000000000000000e+03 6.483515785424118216e-02
1.009000000000000000e+03 6.264894453576141942e-02
1.010000000000000000e+03 6.011210265358652577e-02
1.011000000000000000e+03 5.654254390807184755e-02
1.012000000000000000e+03 5.234640975081155528e-02
1.013000000000000000e+03 4.881204712385459749e-02
1.014000000000000000e+03 4.669535914825953538e-02
1.015000000000000000e+03 4.601257495663473029e-02
1.016000000000000000e+03 4.658880192915790253e-02
1.017000000000000000e+03 4.833241525314986575e-02
1.018000000000000000e+03 5.129822112620142927e-02
1.019000000000000000e+03 5.571185525052248233e-02
1.020000000000000000e+03 6.201659757148938329e-02
1.021000000000000000e+03 7.094967716704468630e-02
1.022000000000000000e+03 8.357637579552251728e-02
1.023000000000000000e+03 1.009333440371061735e-01
1.024000000000000000e+03 1.224853507724150553e-01
1.025000000000000000e+03 1.442746841048455630e-01
1.026000000000000000e+03 1.620981708589562253e-01
1.027000000000000000e+03 1.747653929993152055e-01
1.028000000000000000e+03 1.799968806119192077e-01
1.029000000000000000e+03 1.772260531554331608e-01
1.030000000000000000e+03 1.720235440168713104e-01
1.031000000000000000e+03 1.718670025026601544e-01
1.032000000000000000e+03 1.811946847201308664e-01
1.033000000000000000e+03 2.028650461614199541e-01
1.034000000000000000e+03 2.399981804284698761e-01
1.035000000000000000e+03 2.964478826336770512e-01
1.036000000000000000e+03 3.756521273928241644e-01
1.037000000000000000e+03 4.725432063282620776e-01
1.038000000000000000e+03 5.696931022789880616e-01
1.039000000000000000e+03 6.622187733124018649e-01
1.040000000000000000e+03 7.664718900710365546e-01
1.041000000000000000e+03 8.643671257153556775e-01
1.042000000000000000e+03 8.803740965861223122e-01
1.043000000000000000e+03 7.804042440182410445e-01
1.044000000000000000e+03 6.206609594849329392e-01
1.045000000000000000e+03 4.712856183980257407e-01
1.046000000000000000e+03 3.613556431572976235e-01
1.047000000000000000e+03 2.885490522886672848e-01
1.048000000000000000e+03 2.421817590927848041e-01
1.049000000000000000e+03 2.120445405207701806e-01
1.050000000000000000e+03 1.910841582637253233e-01
1.051000000000000000e+03 1.765361571101831117e-01
1.052000000000000000e+03 1.685277752427125075e-01
1.053000000000000000e+03 1.674228610187911970e-01
1.054000000000000000e+03 1.733808016234526239e-01
1.055000000000000000e+03 1.878473907755917882e-01
1.056000000000000000e+03 2.130446650290908350e-01
1.057000000000000000e+03 2.463312785923304771e-01
1.058000000000000000e+03 2.725380136218418237e-01
1.059000000000000000e+03 2.764293498845885044e-01
1.060000000000000000e+03 2.693107428618224941e-01
1.061000000000000000e+03 2.717754885395639586e-01
1.062000000000000000e+03 2.898898652533237752e-01
1.063000000000000000e+03 3.153613877858990056e-01
1.064000000000000000e+03 3.345656759206114272e-01
1.065000000000000000e+03 3.498262481429925130e-01
1.066000000000000000e+03 3.819446080258809273e-01
1.067000000000000000e+03 4.496518170342870269e-01
1.068000000000000000e+03 5.567555363484870679e-01
1.069000000000000000e+03 6.718665319269665481e-01
1.070000000000000000e+03 7.158929275155682115e-01
1.071000000000000000e+03 6.452983847218025648e-01
1.072000000000000000e+03 5.213050838923108943e-01
1.073000000000000000e+03 4.141664012424963737e-01
1.074000000000000000e+03 3.437971369128665633e-01
1.075000000000000000e+03 3.035620257679826350e-01
1.076000000000000000e+03 2.801819442132675309e-01
1.077000000000000000e+03 2.634995561995646662e-01
1.078000000000000000e+03 2.541658241214596603e-01
1.079000000000000000e+03 2.569857352939625694e-01
1.080000000000000000e+03 2.686865265726749996e-01
1.081000000000000000e+03 2.772141432469803490e-01
1.082000000000000000e+03 2.780169854286508868e-01
1.083000000000000000e+03 2.757120864849944009e-01
1.084000000000000000e+03 2.669243487141600979e-01
1.085000000000000000e+03 2.499027925653592164e-01
1.086000000000000000e+03 2.329026532228615776e-01
1.087000000000000000e+03 2.215764895705291671e-01
1.088000000000000000e+03 2.187832674305478231e-01
1.089000000000000000e+03 2.276978660919402320e-01
1.090000000000000000e+03 2.523106938801160659e-01
1.091000000000000000e+03 2.958566046406029826e-01
1.092000000000000000e+03 3.571209523372398387e-01
1.093000000000000000e+03 4.270033918411983986e-01
1.094000000000000000e+03 4.854188082767877388e-01
1.095000000000000000e+03 5.037312580563583220e-01
1.096000000000000000e+03 4.845474950192532049e-01
1.097000000000000000e+03 4.710520069682522237e-01
1.098000000000000000e+03 4.982574991911439821e-01
1.099000000000000000e+03 5.823254788340117560e-01
1.100000000000000000e+03 7.274209162079393609e-01
1.101000000000000000e+03 9.019477040882969421e-01
1.102000000000000000e+03 1.000000000000000000e+00
1.103000000000000000e+03 9.236675620254712893e-01
1.104000000000000000e+03 7.327292487818959366e-01
1.105000000000000000e+03 5.434521699399554873e-01
1.106000000000000000e+03 4.013799383907756813e-01
1.107000000000000000e+03 3.036469246235141695e-01
1.108000000000000000e+03 2.372784850554827407e-01
1.109000000000000000e+03 1.916465984944901446e-01
1.110000000000000000e+03 1.597526536464941582e-01
1.111000000000000000e+03 1.372441832387832072e-01
1.112000000000000000e+03 1.214579508533217139e-01
1.113000000000000000e+03 1.107142572072996045e-01
1.114000000000000000e+03 1.036047553676212873e-01
1.115000000000000000e+03 9.847687681069240695e-02
1.116000000000000000e+03 9.431178598107928246e-02
1.117000000000000000e+03 9.174980520059133893e-02
1.118000000000000000e+03 9.175189582710126246e-02
1.119000000000000000e+03 9.449990423036351561e-02
1.120000000000000000e+03 9.996123269767281938e-02
1.121000000000000000e+03 1.087432485521417497e-01
1.122000000000000000e+03 1.222856592889638855e-01
1.123000000000000000e+03 1.434502545111508154e-01
1.124000000000000000e+03 1.757436184617562902e-01
1.125000000000000000e+03 2.193008021814673025e-01
1.126000000000000000e+03 2.632314924315901639e-01
1.127000000000000000e+03 2.872993430923534430e-01
1.128000000000000000e+03 2.865459224865143928e-01
1.129000000000000000e+03 2.787350175615587733e-01
1.130000000000000000e+03 2.782952753381106592e-01
1.131000000000000000e+03 2.874680488373369536e-01
1.132000000000000000e+03 3.003932192320534766e-01
1.133000000000000000e+03 2.937059004739363544e-01
1.134000000000000000e+03 2.528251653081220462e-01
1.135000000000000000e+03 1.989057946379469977e-01
1.136000000000000000e+03 1.536771706879189736e-01
1.137000000000000000e+03 1.217631629421246364e-01
1.138000000000000000e+03 1.005593116963471173e-01
1.139000000000000000e+03 8.695949005802108833e-02
1.140000000000000000e+03 7.888170919172456108e-02
1.141000000000000000e+03 7.524859388318570763e-02
1.142000000000000000e+03 7.576516415598413823e-02
1.143000000000000000e+03 8.061865853838259821e-02
1.144000000000000000e+03 8.955482759700600370e-02
1.145000000000000000e+03 9.953782086414701691e-02
1.146000000000000000e+03 1.040972864654040181e-01
1.147000000000000000e+03 1.011743598023484569e-01
1.148000000000000000e+03 9.707731444248911268e-02
1.149000000000000000e+03 9.773141530341256100e-02
1.150000000000000000e+03 1.053239491092340940e-01
1.151000000000000000e+03 1.209819453633239478e-01
1.152000000000000000e+03 1.460333630876072541e-01
1.153000000000000000e+03 1.787490492233633765e-01
1.154000000000000000e+03 2.103778408450708848e-01
1.155000000000000000e+03 2.294595205704699770e-01
1.156000000000000000e+03 2.242617585660045265e-01
1.157000000000000000e+03 1.910650364345010399e-01
1.158000000000000000e+03 1.479417346579193215e-01
1.159000000000000000e+03 1.118043476123211505e-01
1.160000000000000000e+03 8.616887619944066379e-02
1.161000000000000000e+03 6.887023691787756696e-02
1.162000000000000000e+03 5.729674444242766757e-02
1.163000000000000000e+03 4.945349451055264939e-02
1.164000000000000000e+03 4.383739870508913949e-02
1.165000000000000000e+03 3.944989441706504146e-02
1.166000000000000000e+03 3.585877568051146908e-02
1.167000000000000000e+03 3.315406755022082957e-02
1.168000000000000000e+03 3.158772363356378982e-02
1.169000000000000000e+03 3.127792626416506933e-02
1.170000000000000000e+03 3.213480133916369469e-02
1.171000000000000000e+03 3.348195676637690660e-02
1.172000000000000000e+03 3.367582512762737346e-02
1.173000000000000000e+03 3.158026697812348765e-02
1.174000000000000000e+03 2.835380519930999835e-02
1.175000000000000000e+03 2.559414686639328515e-02
1.176000000000000000e+03 2.374244225776645997e-02
1.177000000000000000e+03 2.241178058165840120e-02
1.178000000000000000e+03 2.104215802283553038e-02
1.179000000000000000e+03 1.960248930759105404e-02
1.180000000000000000e+03 1.839612788419496200e-02
1.181000000000000000e+03 1.754400504790252363e-02
1.182000000000000000e+03 1.701196744974077177e-02
1.183000000000000000e+03 1.674257453616593075e-02
1.184000000000000000e+03 1.669871818119567086e-02
1.185000000000000000e+03 1.686800831798506567e-02
1.186000000000000000e+03 1.726096941495055409e-02
1.187000000000000000e+03 1.791188044982747890e-02
1.188000000000000000e+03 1.888445082579175496e-02
1.189000000000000000e+03 2.028398947914462902e-02
1.190000000000000000e+03 2.227802717586769427e-02
1.191000000000000000e+03 2.512371458675981273e-02
1.192000000000000000e+03 2.917918653193573783e-02
1.193000000000000000e+03 3.482376674474845640e-02
1.194000000000000000e+03 4.225407091424172867e-02
1.195000000000000000e+03 5.137764821858830516e-02
1.196000000000000000e+03 6.140055794571409875e-02
1.197000000000000000e+03 6.943507006873249343e-02
1.198000000000000000e+03 7.120630906598983401e-02
1.199000000000000000e+03 6.710433402843461737e-02
1.200000000000000000e+03 6.283813430570454883e-02
1.201000000000000000e+03 6.278856801374399499e-02
1.202000000000000000e+03 6.839831655109994413e-02
1.203000000000000000e+03 7.897606669243184552e-02
1.204000000000000000e+03 9.124126367941527704e-02
1.205000000000000000e+03 9.886942666973763671e-02
1.206000000000000000e+03 9.493259773149997915e-02
1.207000000000000000e+03 8.053557103103529957e-02
1.208000000000000000e+03 6.396437595427385825e-02
1.209000000000000000e+03 5.080600858166878925e-02
1.210000000000000000e+03 4.193227342798779012e-02
1.211000000000000000e+03 3.649305076106008211e-02
1.212000000000000000e+03 3.359561898068007951e-02
1.213000000000000000e+03 3.253955257467026213e-02
1.214000000000000000e+03 3.262813437471843298e-02
1.215000000000000000e+03 3.321911209904902795e-02
1.216000000000000000e+03 3.364792873297026143e-02
1.217000000000000000e+03 3.330062108955952199e-02
1.218000000000000000e+03 3.262345503532358693e-02
1.219000000000000000e+03 3.284203242993516403e-02
1.220000000000000000e+03 3.467018102531921331e-02
1.221000000000000000e+03 3.772370183313942388e-02
1.222000000000000000e+03 4.027469181641932239e-02
1.223000000000000000e+03 4.072978719689542698e-02
1.224000000000000000e+03 4.024073282676472740e-02
1.225000000000000000e+03 4.079694479312874489e-02
1.226000000000000000e+03 4.288308365709311148e-02
1.227000000000000000e+03 4.650683466696714508e-02
1.228000000000000000e+03 5.166636012126246680e-02
1.229000000000000000e+03 5.734685858650113294e-02
1.230000000000000000e+03 6.250989281117975971e-02
1.231000000000000000e+03 6.636339124772389075e-02
1.232000000000000000e+03 6.770680818463774286e-02
1.233000000000000000e+03 6.596619022599867210e-02
1.234000000000000000e+03 6.295590178768430134e-02
1.235000000000000000e+03 6.046183944020851880e-02
1.236000000000000000e+03 5.843804444786845215e-02
1.237000000000000000e+03 5.655966832727481880e-02
1.238000000000000000e+03 5.479957702004446818e-02
1.239000000000000000e+03 5.372603278308871882e-02
1.240000000000000000e+03 5.452601382437013283e-02
1.241000000000000000e+03 5.764799083499161370e-02
1.242000000000000000e+03 6.209446704398530886e-02
1.243000000000000000e+03 6.604832820941097804e-02
1.244000000000000000e+03 6.893381729172082251e-02
1.245000000000000000e+03 7.272887840400729664e-02
1.246000000000000000e+03 7.995674153982880450e-02
1.247000000000000000e+03 9.263332120990695751e-02
1.248000000000000000e+03 1.120925416824831017e-01
1.249000000000000000e+03 1.363607118183273181e-01
1.250000000000000000e+03 1.562341659450068865e-01
1.251000000000000000e+03 1.632728080120865732e-01
1.252000000000000000e+03 1.642622014964449928e-01
1.253000000000000000e+03 1.693467273069098888e-01
1.254000000000000000e+03 1.764169453155753076e-01
1.255000000000000000e+03 1.781087446369154781e-01
1.256000000000000000e+03 1.784875151305150287e-01
1.257000000000000000e+03 1.881108878183284094e-01
1.258000000000000000e+03 2.132364364567862214e-01
1.259000000000000000e+03 2.567981274848814000e-01
1.260000000000000000e+03 3.159577476634313209e-01
1.261000000000000000e+03 3.691512113810770379e-01
1.262000000000000000e+03 3.819664786780723187e-01
1.263000000000000000e+03 3.446181621902458803e-01
1.264000000000000000e+03 2.792270913909453145e-01
1.265000000000000000e+03 2.140276312937736125e-01
1.266000000000000000e+03 1.637843029018119512e-01
1.267000000000000000e+03 1.291715129459506950e-01
1.268000000000000000e+03 1.059282044193626537e-01
1.269000000000000000e+03 9.018418372243054704e-02
1.270000000000000000e+03 7.971682604563881669e-02
1.271000000000000000e+03 7.332257815737132367e-02
1.272000000000000000e+03 7.024106913330933899e-02
1.273000000000000000e+03 6.990797851981973843e-02
1.274000000000000000e+03 7.159857437363389976e-02
1.275000000000000000e+03 7.445319741506971345e-02
1.276000000000000000e+03 7.854949850489360841e-02
1.277000000000000000e+03 8.526858519483787591e-02
1.278000000000000000e+03 9.585255169897484440e-02
1.279000000000000000e+03 1.099496045999289739e-01
1.280000000000000000e+03 1.258210691593845132e-01
1.281000000000000000e+03 1.434836619692974879e-01
1.282000000000000000e+03 1.660963243461211492e-01
1.283000000000000000e+03 2.000579738956350662e-01
1.284000000000000000e+03 2.536425922124327936e-01
1.285000000000000000e+03 3.308732013499890989e-01
1.286000000000000000e+03 4.166316761149615466e-01
1.287000000000000000e+03 4.620414171458666619e-01
1.288000000000000000e+03 4.321350390814943654e-01
1.289000000000000000e+03 3.613739891207051746e-01
1.290000000000000000e+03 2.946313789669884331e-01
1.291000000000000000e+03 2.493775332079062323e-01
1.292000000000000000e+03 2.291829861111707167e-01
1.293000000000000000e+03 2.315940199925969889e-01
1.294000000000000000e+03 2.468511136750484170e-01
1.295000000000000000e+03 2.543568328169502624e-01
1.296000000000000000e+03 2.359355650465246867e-01
1.297000000000000000e+03 1.970485822758413497e-01
1.298000000000000000e+03 1.574082453374241741e-01
1.299000000000000000e+03 1.275906268442274505e-01
1.300000000000000000e+03 1.080824468106957453e-01
1.301000000000000000e+03 9.675757818085524431e-02
1.302000000000000000e+03 9.203961649945509305e-02
1.303000000000000000e+03 9.340770801058491390e-02
1.304000000000000000e+03 1.013920801021477303e-01
1.305000000000000000e+03 1.173337486836096150e-01
1.306000000000000000e+03 1.419477998776757233e-01
1.307000000000000000e+03 1.704424485746629803e-01
1.308000000000000000e+03 1.866498603633670317e-01
1.309000000000000000e+03 1.759925007463596647e-01
1.310000000000000000e+03 1.481517098539239519e-01
1.311000000000000000e+03 1.213892736276445949e-01
1.312000000000000000e+03 1.033100125854174156e-01
1.313000000000000000e+03 9.389456411000174363e-02
1.314000000000000000e+03 9.097447635290513424e-02
1.315000000000000000e+03 9.206833732368371881e-02
1.316000000000000000e+03 9.550868937041390172e-02
1.317000000000000000e+03 1.011694228197866224e-01
1.318000000000000000e+03 1.099313931154900781e-01
1.319000000000000000e+03 1.213782104272964485e-01
1.320000000000000000e+03 1.305881400327262298e-01
1.321000000000000000e+03 1.297521703816547911e-01
1.322000000000000000e+03 1.201992543814059400e-01
1.323000000000000000e+03 1.114825523013175806e-01
1.324000000000000000e+03 1.094974625070220947e-01
1.325000000000000000e+03 1.154999571161848537e-01
1.326000000000000000e+03 1.288808435067199387e-01
1.327000000000000000e+03 1.467644810019310131e-01
1.328000000000000000e+03 1.618989983915274378e-01
1.329000000000000000e+03 1.698601339167049862e-01
1.330000000000000000e+03 1.793894476261238269e-01
1.331000000000000000e+03 2.016414075604695544e-01
1.332000000000000000e+03 2.390874877702980628e-01
1.333000000000000000e+03 2.822869882060797253e-01
1.334000000000000000e+03 3.161931152264196854e-01
1.335000000000000000e+03 3.386835366599877939e-01
1.336000000000000000e+03 3.491486939459768624e-01
1.337000000000000000e+03 3.276622747306675576e-01
1.338000000000000000e+03 2.722237895383949335e-01
1.339000000000000000e+03 2.106753806114612382e-01
1.340000000000000000e+03 1.616323012820496396e-01
1.341000000000000000e+03 1.272876765765511564e-01
1.342000000000000000e+03 1.041714696421973813e-01
1.343000000000000000e+03 8.894577735472436464e-02
1.344000000000000000e+03 7.946248411766412834e-02
1.345000000000000000e+03 7.446789469935247152e-02
1.346000000000000000e+03 7.342082432103601286e-02
1.347000000000000000e+03 7.644523643615314112e-02
1.348000000000000000e+03 8.425378193382240810e-02
1.349000000000000000e+03 9.769195811535967555e-02
1.350000000000000000e+03 1.158249213252434129e-01
1.351000000000000000e+03 1.319624325625561589e-01
1.352000000000000000e+03 1.359275948116192290e-01
1.353000000000000000e+03 1.282330813452913498e-01
1.354000000000000000e+03 1.168774151051983901e-01
1.355000000000000000e+03 1.045007684508322265e-01
1.356000000000000000e+03 9.296593116178442084e-02
1.357000000000000000e+03 8.545385872491295665e-02
1.358000000000000000e+03 8.330001765804627423e-02
1.359000000000000000e+03 8.689077607147162319e-02
1.360000000000000000e+03 9.704439295758814088e-02
1.361000000000000000e+03 1.142488448805766277e-01
1.362000000000000000e+03 1.358569674193396137e-01
1.363000000000000000e+03 1.538140436571254488e-01
1.364000000000000000e+03 1.604775307674984330e-01
1.365000000000000000e+03 1.536068084643657516e-01
1.366000000000000000e+03 1.381417055813973782e-01
1.367000000000000000e+03 1.236801149837482988e-01
1.368000000000000000e+03 1.146263085920007085e-01
1.369000000000000000e+03 1.111856285074611789e-01
1.370000000000000000e+03 1.120042773291351906e-01
1.371000000000000000e+03 1.149767262924085848e-01
1.372000000000000000e+03 1.207112464539281393e-01
1.373000000000000000e+03 1.328864367038067318e-01
1.374000000000000000e+03 1.529697217370862838e-01
1.375000000000000000e+03 1.758102884256079190e-01
1.376000000000000000e+03 1.890133582042299587e-01
1.377000000000000000e+03 1.830802750856821981e-01
1.378000000000000000e+03 1.646337753473980925e-01
1.379000000000000000e+03 1.454252883408593822e-01
1.380000000000000000e+03 1.298586797262478443e-01
1.381000000000000000e+03 1.194090761874048168e-01
1.382000000000000000e+03 1.157596934888859563e-01
1.383000000000000000e+03 1.200311015716885449e-01
1.384000000000000000e+03 1.324111656967300876e-01
1.385000000000000000e+03 1.522110247597965038e-01
1.386000000000000000e+03 1.795287179394682020e-01
1.387000000000000000e+03 2.158128297418863417e-01
1.388000000000000000e+03 2.558973330665523793e-01
1.389000000000000000e+03 2.795479013542082058e-01
1.390000000000000000e+03 2.674957143008959704e-01
1.391000000000000000e+03 2.318059564155690311e-01
1.392000000000000000e+03 1.983585348014644256e-01
1.393000000000000000e+03 1.797570234282058754e-01
1.394000000000000000e+03 1.765442350630380963e-01
1.395000000000000000e+03 1.811471629129489114e-01
1.396000000000000000e+03 1.788730317974130679e-01
1.397000000000000000e+03 1.627418390346658805e-01
1.398000000000000000e+03 1.425061176187950307e-01
1.399000000000000000e+03 1.276439684632599825e-01
1.400000000000000000e+03 1.205282651601587707e-01
1.401000000000000000e+03 1.203001007454947979e-01
1.402000000000000000e+03 1.248000639097436859e-01
1.403000000000000000e+03 1.316887279254269350e-01
1.404000000000000000e+03 1.397581479793596204e-01
1.405000000000000000e+03 1.492369777420265720e-01
1.406000000000000000e+03 1.623001712424786414e-01
1.407000000000000000e+03 1.809208734270523478e-01
1.408000000000000000e+03 2.054845470689760922e-01
1.409000000000000000e+03 2.362036222294263133e-01
1.410000000000000000e+03 2.697360809302180584e-01
1.411000000000000000e+03 3.029983086923277447e-01
1.412000000000000000e+03 3.412484766918838508e-01
1.413000000000000000e+03 3.949460974693493331e-01
1.414000000000000000e+03 4.655350513385989042e-01
1.415000000000000000e+03 5.339270111567907540e-01
1.416000000000000000e+03 5.717211045250376600e-01
1.417000000000000000e+03 5.613148791050243114e-01
1.418000000000000000e+03 5.131939264782809929e-01
1.419000000000000000e+03 4.554415404759706298e-01
1.420000000000000000e+03 3.994016518508889946e-01
1.421000000000000000e+03 3.511295383239245171e-01
1.422000000000000000e+03 3.160210547935858871e-01
1.423000000000000000e+03 2.945260009210380336e-01
1.424000000000000000e+03 2.881590144108049367e-01
1.425000000000000000e+03 2.997232850138714655e-01
1.426000000000000000e+03 3.262246636526978105e-01
1.427000000000000000e+03 3.512622244786037795e-01
1.428000000000000000e+03 3.571357594996739659e-01
1.429000000000000000e+03 3.489333928751906511e-01
1.430000000000000000e+03 3.504531971087917475e-01
1.431000000000000000e+03 3.812245756976371247e-01
1.432000000000000000e+03 4.490821194953625306e-01
1.433000000000000000e+03 5.448202221826512481e-01
1.434000000000000000e+03 6.243364926507216639e-01
1.435000000000000000e+03 6.294479695550408982e-01
1.436000000000000000e+03 5.587361784374887952e-01
1.437000000000000000e+03 4.504891245295022384e-01
1.438000000000000000e+03 3.425907972623894460e-01
1.439000000000000000e+03 2.575206677303266134e-01
1.440000000000000000e+03 1.973008907807607126e-01
1.441000000000000000e+03 1.557924600291676343e-01
1.442000000000000000e+03 1.269526617229295717e-01
1.443000000000000000e+03 1.065821095519742939e-01
1.444000000000000000e+03 9.202546579730636056e-02
1.445000000000000000e+03 8.166520922045755748e-02
1.446000000000000000e+03 7.456970008238894554e-02
1.447000000000000000e+03 7.028720169064404943e-02
1.448000000000000000e+03 6.868788966430487697e-02
1.449000000000000000e+03 6.962875270747324874e-02
1.450000000000000000e+03 7.214826134996121798e-02
1.451000000000000000e+03 7.398289645526938407e-02
1.452000000000000000e+03 7.342577285430185174e-02
1.453000000000000000e+03 7.119679500804891592e-02
1.454000000000000000e+03 6.867874027902869105e-02
1.455000000000000000e+03 6.509904247834262525e-02
1.456000000000000000e+03 5.936793125240216046e-02
1.457000000000000000e+03 5.295352446907242855e-02
1.458000000000000000e+03 4.756894569812378931e-02
1.459000000000000000e+03 4.365541209596885547e-02
1.460000000000000000e+03 4.103764492234184685e-02
1.461000000000000000e+03 3.940940082278597545e-02
1.462000000000000000e+03 3.848841220844380351e-02
1.463000000000000000e+03 3.811107644538707512e-02
1.464000000000000000e+03 3.823223067275940967e-02
1.465000000000000000e+03 3.884807818963275511e-02
1.466000000000000000e+03 3.996589558708690815e-02
1.467000000000000000e+03 4.161552311165017670e-02
1.468000000000000000e+03 4.386220387288101985e-02
1.469000000000000000e+03 4.681704365776869631e-02
1.470000000000000000e+03 5.065238075315897648e-02
1.471000000000000000e+03 5.562822808799269825e-02
1.472000000000000000e+03 6.213699577473174446e-02
1.473000000000000000e+03 7.077677227976351959e-02
1.474000000000000000e+03 8.246298800739852719e-02
1.475000000000000000e+03 9.856453336122771025e-02
1.476000000000000000e+03 1.209575395216874877e-01
1.477000000000000000e+03 1.516347373532133391e-01
1.478000000000000000e+03 1.908503555175427302e-01
1.479000000000000000e+03 2.341354882026080164e-01
1.480000000000000000e+03 2.757447291938963652e-01
1.481000000000000000e+03 3.138544533734796693e-01
1.482000000000000000e+03 3.426326200714930881e-01
1.483000000000000000e+03 3.491262634937978282e-01
1.484000000000000000e+03 3.372555309277018853e-01
1.485000000000000000e+03 3.308857548347778899e-01
1.486000000000000000e+03 3.392262391100180352e-01
1.487000000000000000e+03 3.508143289649590657e-01
1.488000000000000000e+03 3.575125882890468065e-01
1.489000000000000000e+03 3.643949670076538361e-01
1.490000000000000000e+03 3.773805394224840071e-01
1.491000000000000000e+03 3.988487240038083304e-01
1.492000000000000000e+03 4.248230586369708406e-01
1.493000000000000000e+03 4.429751373364987921e-01
1.494000000000000000e+03 4.475607607821708855e-01
1.495000000000000000e+03 4.536723714527573503e-01
1.496000000000000000e+03 4.805884201293991187e-01
1.497000000000000000e+03 5.252313531767147659e-01
1.498000000000000000e+03 5.581326498000190872e-01
1.499000000000000000e+03 5.614136771829515427e-01
1.500000000000000000e+03 5.467030693661174556e-01
1.501000000000000000e+03 5.290617284098861894e-01
1.502000000000000000e+03 5.196049256956473128e-01
1.503000000000000000e+03 5.238990719402302210e-01
1.504000000000000000e+03 5.355464072515302432e-01
1.505000000000000000e+03 5.442958100286213741e-01
1.506000000000000000e+03 5.332742468265861957e-01
1.507000000000000000e+03 4.959992224184150422e-01
1.508000000000000000e+03 4.500766374208361453e-01
1.509000000000000000e+03 4.071501227156031910e-01
1.510000000000000000e+03 3.688759354354298470e-01
1.511000000000000000e+03 3.330926760179330204e-01
1.512000000000000000e+03 2.921810838095358909e-01
1.513000000000000000e+03 2.439626054394410104e-01
1.514000000000000000e+03 1.981601176062185166e-01
1.515000000000000000e+03 1.607409881494165638e-01
1.516000000000000000e+03 1.303657169438327823e-01
1.517000000000000000e+03 1.059151513631814839e-01
1.518000000000000000e+03 8.711569904485741422e-02
1.519000000000000000e+03 7.297506708360324001e-02
1.520000000000000000e+03 6.226739315121448959e-02
1.521000000000000000e+03 5.400715809845098303e-02
1.522000000000000000e+03 4.749499236535247720e-02
1.523000000000000000e+03 4.225273384997363380e-02
1.524000000000000000e+03 3.795410690379466545e-02
1.525000000000000000e+03 3.437283080207593350e-02
1.526000000000000000e+03 3.134836747780382626e-02
1.527000000000000000e+03 2.876413083327532608e-02
1.528000000000000000e+03 2.653358970439414349e-02
1.529000000000000000e+03 2.459124794514530934e-02
1.530000000000000000e+03 2.288665814102714205e-02
1.531000000000000000e+03 2.138035708175900149e-02
1.532000000000000000e+03 2.004104554270209546e-02
1.533000000000000000e+03 1.884359181454704421e-02
1.534000000000000000e+03 1.776759226147037185e-02
1.535000000000000000e+03 1.679631607367066889e-02
1.536000000000000000e+03 1.591591988157895279e-02
1.537000000000000000e+03 1.511485511944726627e-02
1.538000000000000000e+03 1.438341518587081709e-02
1.539000000000000000e+03 1.371338542997083305e-02
1.540000000000000000e+03 1.309776975122440602e-02
1.541000000000000000e+03 1.253057496431307476e-02
1.542000000000000000e+03 1.200663919697111948e-02
1.543000000000000000e+03 1.152149419477243100e-02
1.544000000000000000e+03 1.107125398166328503e-02
1.545000000000000000e+03 1.065252418621904888e-02
1.546000000000000000e+03 1.026232770426367333e-02
1.547000000000000000e+03 9.898043373837756356e-03
1.548000000000000000e+03 9.557355088710577096e-03
1.549000000000000000e+03 9.238209341669098226e-03
1.550000000000000000e+03 8.938779618105220648e-03
1.551000000000000000e+03 8.657436389252308462e-03
1.552000000000000000e+03 8.392721708247325926e-03
1.553000000000000000e+03 8.143327609550157428e-03
1.554000000000000000e+03 7.908077666755327501e-03
1.555000000000000000e+03 7.685911185573929619e-03
1.556000000000000000e+03 7.475869605282437456e-03
1.557000000000000000e+03 7.277084758903122272e-03
1.558000000000000000e+03 7.088768704098731208e-03
1.559000000000000000e+03 6.910204886514213253e-03
1.560000000000000000e+03 6.740740437603091190e-03
1.561000000000000000e+03 6.579779441784621048e-03
1.562000000000000000e+03 6.426777034606879699e-03
1.563000000000000000e+03 6.281234215625583484e-03
1.564000000000000000e+03 6.142693277881182759e-03
1.565000000000000000e+03 6.010733770904640345e-03
1.566000000000000000e+03 5.884968926689767427e-03
1.567000000000000000e+03 5.765042488504960178e-03
1.568000000000000000e+03 5.650625891152939902e-03
1.569000000000000000e+03 5.541415748626016269e-03
1.570000000000000000e+03 5.437131611289215856e-03
1.571000000000000000e+03 5.337513959952875330e-03
1.572000000000000000e+03 5.242322408630465183e-03
1.573000000000000000e+03 5.151334091549005824e-03
1.574000000000000000e+03 5.064342213195889217e-03
1.575000000000000000e+03 4.981154742937149958e-03
1.576000000000000000e+03 4.901593238101118778e-03
1.577000000000000000e+03 4.825491781449696080e-03
1.578000000000000000e+03 4.752696020707412178e-03
1.579000000000000000e+03 4.683062299328927085e-03
1.580000000000000000e+03 4.616456868993416840e-03
1.581000000000000000e+03 4.552755175450115717e-03
1.582000000000000000e+03 4.491841210326964935e-03
1.583000000000000000e+03 4.433606922376210659e-03
1.584000000000000000e+03 4.377951682383736907e-03
1.585000000000000000e+03 4.324781796628732362e-03
1.586000000000000000e+03 4.274010064359577525e-03
1.587000000000000000e+03 4.225555375261546426e-03
1.588000000000000000e+03 4.179342343341711785e-03
1.589000000000000000e+03 4.135300974053931003e-03
1.590000000000000000e+03 4.093366361839394577e-03
1.591000000000000000e+03 4.053478415571392518e-03
1.592000000000000000e+03 4.015581609672267370e-03
1.593000000000000000e+03 3.979624758920092750e-03
1.594000000000000000e+03 3.945560815186575226e-03
1.595000000000000000e+03 3.913346684549167190e-03
1.596000000000000000e+03 3.882943063402598954e-03
1.597000000000000000e+03 3.854314292360273321e-03
1.598000000000000000e+03 3.827428226886914978e-03
1.599000000000000000e+03 3.802256123742057351e-03
1.600000000000000000e+03 3.778772542441715798e-03
1.601000000000000000e+03 3.756955261064157461e-03
1.602000000000000000e+03 3.736785205836706900e-03
1.603000000000000000e+03 3.718246394045424900e-03
1.604000000000000000e+03 3.701325889909307804e-03
1.605000000000000000e+03 3.686013773156775718e-03
1.606000000000000000e+03 3.672303120135612421e-03
1.607000000000000000e+03 3.660189997379335695e-03
1.608000000000000000e+03 3.649673467644165992e-03
1.609000000000000000e+03 3.640755608522533871e-03
1.610000000000000000e+03 3.633441543832246438e-03
1.611000000000000000e+03 3.627739488076303816e-03
1.612000000000000000e+03 3.623660804367896844e-03
1.613000000000000000e+03 3.621220076319594822e-03
1.614000000000000000e+03 3.620435194506384929e-03
1.615000000000000000e+03 3.621327458230408618e-03
1.616000000000000000e+03 3.623921693442555981e-03
1.617000000000000000e+03 3.628246387814048571e-03
1.618000000000000000e+03 3.634333844101781969e-03
1.619000000000000000e+03 3.642220353116503752e-03
1.620000000000000000e+03 3.651946387785233276e-03
1.621000000000000000e+03 3.663556820001434046e-03
1.622000000000000000e+03 3.677101162181285656e-03
1.623000000000000000e+03 3.692633835695605018e-03
1.624000000000000000e+03 3.710214468628348240e-03
1.625000000000000000e+03 3.729908225629078450e-03
1.626000000000000000e+03 3.751786172983438347e-03
1.627000000000000000e+03 3.775925682428874549e-03
1.628000000000000000e+03 3.802410877699856796e-03
1.629000000000000000e+03 3.831333128305872571e-03
1.630000000000000000e+03 3.862791595636714398e-03
1.631000000000000000e+03 3.896893837164185428e-03
1.632000000000000000e+03 3.933756475281259719e-03
1.633000000000000000e+03 3.973505938204489364e-03
1.634000000000000000e+03 4.016279281382373334e-03
1.635000000000000000e+03 4.062225099023256646e-03
1.636000000000000000e+03 4.111504536708010700e-03
1.637000000000000000e+03 4.164292417616408462e-03
1.638000000000000000e+03 4.220778496709410264e-03
1.639000000000000000e+03 4.281168859317247694e-03
1.640000000000000000e+03 4.345687483039234467e-03
1.641000000000000000e+03 4.414577984730088528e-03
1.642000000000000000e+03 4.488105577707352488e-03
1.643000000000000000e+03 4.566559268259915566e-03
1.644000000000000000e+03 4.650254325182729201e-03
1.645000000000000000e+03 4.739535061547831517e-03
1.646000000000000000e+03 4.834777974416684665e-03
1.647000000000000000e+03 4.936395295913130477e-03
1.648000000000000000e+03 5.044839018267059487e-03
1.649000000000000000e+03 5.160605466424200011e-03
1.650000000000000000e+03 5.284240504991169485e-03
1.651000000000000000e+03 5.416345482138083291e-03
1.652000000000000000e+03 5.557584032226786305e-03
1.653000000000000000e+03 5.708689882141382808e-03
1.654000000000000000e+03 5.870475834540968448e-03
1.655000000000000000e+03 6.043844135762855424e-03
1.656000000000000000e+03 6.229798478446099512e-03
1.657000000000000000e+03 6.429457941125640494e-03
1.658000000000000000e+03 6.644073231648205298e-03
1.659000000000000000e+03 6.875045681621596606e-03
1.660000000000000000e+03 7.123949539574266424e-03
1.661000000000000000e+03 7.392558236760279379e-03
1.662000000000000000e+03 7.682875459089173395e-03
1.663000000000000000e+03 7.997172061426565531e-03
1.664000000000000000e+03 8.338030119766873249e-03
1.665000000000000000e+03 8.708395750366946381e-03
1.666000000000000000e+03 9.111642757028921846e-03
1.667000000000000000e+03 9.551649731363685489e-03
1.668000000000000000e+03 1.003289397155557837e-02
1.669000000000000000e+03 1.056056656612414102e-02
1.670000000000000000e+03 1.114071429915265872e-02
1.671000000000000000e+03 1.178041579810264888e-02
1.672000000000000000e+03 1.248800174455732236e-02
1.673000000000000000e+03 1.327333226238896352e-02
1.674000000000000000e+03 1.414814916811340216e-02
1.675000000000000000e+03 1.512652717957168463e-02
1.676000000000000000e+03 1.622545727994830628e-02
1.677000000000000000e+03 1.746560851607175530e-02
1.678000000000000000e+03 1.887233356809770585e-02
1.679000000000000000e+03 2.047701159193879294e-02
1.680000000000000000e+03 2.231886409679935748e-02
1.681000000000000000e+03 2.444744407308439491e-02
1.682000000000000000e+03 2.692609859970912858e-02
1.683000000000000000e+03 2.983686322807006450e-02
1.684000000000000000e+03 3.328750113642356401e-02
1.685000000000000000e+03 3.742181878618339175e-02
1.686000000000000000e+03 4.243509252192458753e-02
1.687000000000000000e+03 4.859764378149132591e-02
1.688000000000000000e+03 5.629169838760197941e-02
1.689000000000000000e+03 6.607036944122043898e-02
1.690000000000000000e+03 7.875414178264660003e-02
1.691000000000000000e+03 9.559141278615126969e-02
1.692000000000000000e+03 1.185264839028750961e-01
1.693000000000000000e+03 1.506319329671854945e-01
1.694000000000000000e+03 1.967071579653741908e-01
1.695000000000000000e+03 2.636007322956765986e-01
1.696000000000000000e+03 3.578054592572454395e-01
1.697000000000000000e+03 4.727146391255541702e-01
1.698000000000000000e+03 5.637659387480208339e-01
1.699000000000000000e+03 5.718101127302986919e-01
1.700000000000000000e+03 5.172061482069345573e-01
1.701000000000000000e+03 4.713762520099157305e-01
1.702000000000000000e+03 4.704934259934971941e-01
1.703000000000000000e+03 5.100599128742318022e-01
1.704000000000000000e+03 5.490731351023891982e-01
1.705000000000000000e+03 5.362598400532545551e-01
1.706000000000000000e+03 4.809589155162595220e-01
1.707000000000000000e+03 4.314237612940199917e-01
1.708000000000000000e+03 4.056229843949754610e-01
1.709000000000000000e+03 3.838934943540818767e-01
1.710000000000000000e+03 3.435200342642802385e-01
1.711000000000000000e+03 2.904287158032934912e-01
1.712000000000000000e+03 2.396887190943687573e-01
1.713000000000000000e+03 1.948249363789809896e-01
1.714000000000000000e+03 1.552968374843383681e-01
1.715000000000000000e+03 1.230684746967136839e-01
1.716000000000000000e+03 9.908461021190360929e-02
1.717000000000000000e+03 8.171451028755355450e-02
1.718000000000000000e+03 6.847285403542596738e-02
1.719000000000000000e+03 5.773905460844143411e-02
1.720000000000000000e+03 4.907036026100396880e-02
1.721000000000000000e+03 4.221179181986577100e-02
1.722000000000000000e+03 3.678194280178127828e-02
1.723000000000000000e+03 3.242231596768087309e-02
1.724000000000000000e+03 2.886198032126124566e-02
1.725000000000000000e+03 2.590805075492821213e-02
1.726000000000000000e+03 2.342335715952801808e-02
1.727000000000000000e+03 2.130864427173359901e-02
1.728000000000000000e+03 1.949054093449039196e-02
1.729000000000000000e+03 1.791368074693732576e-02
1.730000000000000000e+03 1.653550246296260282e-02
1.731000000000000000e+03 1.532275046081812107e-02
1.732000000000000000e+03 1.424906580389722309e-02
1.733000000000000000e+03 1.329329126981010877e-02
1.734000000000000000e+03 1.243825440523212145e-02
1.735000000000000000e+03 1.166987772065891660e-02
1.736000000000000000e+03 1.097651736843995550e-02
1.737000000000000000e+03 1.034846438711400050e-02
1.738000000000000000e+03 9.777563569378760686e-03
1.739000000000000000e+03 9.256918736053975846e-03
1.740000000000000000e+03 8.780662360754471277e-03
1.741000000000000000e+03 8.343773720535766977e-03
1.742000000000000000e+03 7.941934057206024092e-03
1.743000000000000000e+03 7.571410261431099631e-03
1.744000000000000000e+03 7.228960749142651979e-03
1.745000000000000000e+03 6.911758757414351341e-03
1.746000000000000000e+03 6.617329425262460582e-03
1.747000000000000000e+03 6.343497865969422063e-03
1.748000000000000000e+03 6.088346065529037614e-03
1.749000000000000000e+03 5.850176915183716471e-03
1.750000000000000000e+03 5.627484046031139275e-03
1.751000000000000000e+03 5.418926409752544519e-03
1.752000000000000000e+03 5.223306762877713734e-03
1.753000000000000000e+03 5.039553378104562852e-03
1.754000000000000000e+03 4.866704436391772019e-03
1.755000000000000000e+03 4.703894656262451630e-03
1.756000000000000000e+03 4.550343798291118201e-03
1.757000000000000000e+03 4.405346747839111038e-03
1.758000000000000000e+03 4.268264931354989571e-03
1.759000000000000000e+03 4.138518863717746514e-03
1.760000000000000000e+03 4.015581658288481723e-03
1.761000000000000000e+03 3.898973359188797217e-03
1.762000000000000000e+03 3.788255978117142323e-03
1.763000000000000000e+03 3.683029136746585833e-03
1.764000000000000000e+03 3.582926231205509765e-03
1.765000000000000000e+03 3.487611047948432821e-03
1.766000000000000000e+03 3.396774770972560940e-03
1.767000000000000000e+03 3.310133329221985003e-03
1.768000000000000000e+03 3.227425040462538613e-03
1.769000000000000000e+03 3.148408514162264089e-03
1.770000000000000000e+03 3.072860781181532396e-03
1.771000000000000000e+03 3.000575622531624024e-03
1.772000000000000000e+03 2.931362073237575583e-03
1.773000000000000000e+03 2.865043080552853293e-03
1.774000000000000000e+03 2.801454298511836007e-03
1.775000000000000000e+03 2.740443003147125314e-03
1.776000000000000000e+03 2.681867114705192932e-03
1.777000000000000000e+03 2.625594314917806000e-03
1.778000000000000000e+03 2.571501248871394321e-03
1.779000000000000000e+03 2.519472802298210971e-03
1.780000000000000000e+03 2.469401446221983817e-03
1.781000000000000000e+03 2.421186641852153543e-03
1.782000000000000000e+03 2.374734299456165466e-03
1.783000000000000000e+03 2.329956285666504555e-03
1.784000000000000000e+03 2.286769974313646817e-03
1.785000000000000000e+03 2.245097836430553009e-03
1.786000000000000000e+03 2.204867065559924788e-03
1.787000000000000000e+03 2.166009234921387888e-03
1.788000000000000000e+03 2.128459983370047798e-03
1.789000000000000000e+03 2.092158727407430942e-03
1.790000000000000000e+03 2.057048396796299500e-03
1.791000000000000000e+03 2.023075191587484205e-03
1.792000000000000000e+03 1.990188358593838591e-03
1.793000000000000000e+03 1.958339985547517641e-03
1.794000000000000000e+03 1.927484811355207987e-03
1.795000000000000000e+03 1.897580051024493715e-03
1.796000000000000000e+03 1.868585233975586382e-03
1.797000000000000000e+03 1.840462054578397098e-03
1.798000000000000000e+03 1.813174233867047335e-03
1.799000000000000000e+03 1.786687391484180053e-03
1.800000000000000000e+03 1.760968926997038284e-03
1.801000000000000000e+03 1.735987909807625105e-03
1.802000000000000000e+03 1.711714976951254517e-03
1.803000000000000000e+03 1.688122238142486650e-03
1.804000000000000000e+03 1.665183187485572841e-03
1.805000000000000000e+03 1.642872621318872085e-03
1.806000000000000000e+03 1.621166561709824977e-03
1.807000000000000000e+03 1.600042185159630988e-03
1.808000000000000000e+03 1.579477756115148495e-03
1.809000000000000000e+03 1.559452564920270302e-03
1.810000000000000000e+03 1.539946869870428012e-03
1.811000000000000000e+03 1.520941843062349579e-03
1.812000000000000000e+03 1.502419519756967347e-03
1.813000000000000000e+03 1.484362750996815437e-03
1.814000000000000000e+03 1.466755159240510677e-03
1.815000000000000000e+03 1.449581096796258642e-03
1.816000000000000000e+03 1.432825606853932975e-03
1.817000000000000000e+03 1.416474386931300617e-03
1.818000000000000000e+03 1.400513754564605175e-03
1.819000000000000000e+03 1.384930615087041341e-03
1.820000000000000000e+03 1.369712431350864025e-03
1.821000000000000000e+03 1.354847195259980446e-03
1.822000000000000000e+03 1.340323400990102703e-03
1.823000000000000000e+03 1.326130019782830122e-03
1.824000000000000000e+03 1.312256476208605244e-03
1.825000000000000000e+03 1.298692625801315444e-03
1.826000000000000000e+03 1.285428733974490478e-03
1.827000000000000000e+03 1.272455456135692612e-03
1.828000000000000000e+03 1.259763818921707688e-03
1.829000000000000000e+03 1.247345202482790698e-03
1.830000000000000000e+03 1.235191323749306510e-03
1.831000000000000000e+03 1.223294220618870382e-03
1.832000000000000000e+03 1.211646237006440332e-03
1.833000000000000000e+03 1.200240008703841021e-03
1.834000000000000000e+03 1.189068449998904398e-03
1.835000000000000000e+03 1.178124741007844723e-03
1.836000000000000000e+03 1.167402315677658169e-03
1.837000000000000000e+03 1.156894850418246348e-03
1.838000000000000000e+03 1.146596253326698104e-03
1.839000000000000000e+03 1.136500653968646520e-03
1.840000000000000000e+03 1.126602393683966922e-03
1.841000000000000000e+03 1.116896016386206445e-03
1.842000000000000000e+03 1.107376259827158246e-03
1.843000000000000000e+03 1.098038047299832419e-03
1.844000000000000000e+03 1.088876479754798511e-03
1.845000000000000000e+03 1.079886828306473928e-03
1.846000000000000000e+03 1.071064527107414835e-03
1.847000000000000000e+03 1.062405166570055265e-03
1.848000000000000000e+03 1.053904486916612754e-03
1.849000000000000000e+03 1.045558372039088156e-03
