9.010000000000000000e+02 1.416199876249868948e-02
9.020000000000000000e+02 1.763624250311712771e-02
9.030000000000000000e+02 2.277553884903827860e-02
9.040000000000000000e+02 3.036008042449890240e-02
9.050000000000000000e+02 4.095957014227316617e-02
9.060000000000000000e+02 5.317430982370262987e-02
9.070000000000000000e+02 6.100998077602391018e-02
9.080000000000000000e+02 5.794035153381567327e-02
9.090000000000000000e+02 4.677767247947052509e-02
9.100000000000000000e+02 3.502698427065189385e-02
9.110000000000000000e+02 2.608439226345104014e-02
9.120000000000000000e+02 1.995813377958837245e-02
9.130000000000000000e+02 1.584896832039530898e-02
9.140000000000000000e+02 1.307340104161598682e-02
9.150000000000000000e+02 1.117864809736741558e-02
9.160000000000000000e+02 9.884742630229129481e-03
9.170000000000000000e+02 9.022962865881292704e-03
9.180000000000000000e+02 8.492267972437583107e-03
9.190000000000000000e+02 8.221288255463948813e-03
9.200000000000000000e+02 8.125627928287353086e-03
9.210000000000000000e+02 8.114861498117282787e-03
9.220000000000000000e+02 8.182665297522668385e-03
9.230000000000000000e+02 8.382554833471245540e-03
9.240000000000000000e+02 8.710627195260424449e-03
9.250000000000000000e+02 9.140833723505161282e-03
9.260000000000000000e+02 9.757456102526370495e-03
9.270000000000000000e+02 1.074169840884192650e-02
9.280000000000000000e+02 1.229629190514166907e-02
9.290000000000000000e+02 1.468081058060476118e-02
9.300000000000000000e+02 1.827050134240460616e-02
9.310000000000000000e+02 2.348510499362426937e-02
9.320000000000000000e+02 3.025533518304268643e-02
9.330000000000000000e+02 3.680132801290873779e-02
9.340000000000000000e+02 3.964284842765382344e-02
9.350000000000000000e+02 3.708158096043204927e-02
9.360000000000000000e+02 3.114936145752130250e-02
9.370000000000000000e+02 2.496253477409769370e-02
9.380000000000000000e+02 2.023064387116804003e-02
9.390000000000000000e+02 1.713393188830990288e-02
9.400000000000000000e+02 1.531058435317520297e-02
9.410000000000000000e+02 1.441332547613399448e-02
9.420000000000000000e+02 1.422540131251504546e-02
9.430000000000000000e+02 1.464734962739314660e-02
9.440000000000000000e+02 1.567405679321615466e-02
9.450000000000000000e+02 1.738465676861177672e-02
9.460000000000000000e+02 1.994188264510665665e-02
9.470000000000000000e+02 2.360636758935423865e-02
9.480000000000000000e+02 2.882913019675963431e-02
9.490000000000000000e+02 3.640682733703961421e-02
9.500000000000000000e+02 4.747909629969754991e-02
9.510000000000000000e+02 6.335318376427757914e-02
9.520000000000000000e+02 8.459369797318121165e-02
9.530000000000000000e+02 1.070745341191520206e-01
9.540000000000000000e+02 1.180413160249174226e-01
9.550000000000000000e+02 1.079118935350306674e-01
9.560000000000000000e+02 8.526208960514133905e-02
9.570000000000000000e+02 6.345527634321372623e-02
9.580000000000000000e+02 4.735874731183369740e-02
9.590000000000000000e+02 3.644121791726301351e-02
9.600000000000000000e+02 2.916487643947243344e-02
9.610000000000000000e+02 2.431967427538503715e-02
9.620000000000000000e+02 2.112052456873009243e-02
9.630000000000000000e+02 1.908848000860447619e-02
9.640000000000000000e+02 1.794059128740513667e-02
9.650000000000000000e+02 1.751006154632982897e-02
9.660000000000000000e+02 1.771028043707719574e-02
9.670000000000000000e+02 1.856011741973147278e-02
9.680000000000000000e+02 2.019642307467913248e-02
9.690000000000000000e+02 2.284918276446671476e-02
9.700000000000000000e+02 2.693830010563004820e-02
9.710000000000000000e+02 3.319952956790543641e-02
9.720000000000000000e+02 4.250649012317296582e-02
9.730000000000000000e+02 5.489817953311313531e-02
9.740000000000000000e+02 6.728307597604590851e-02
9.750000000000000000e+02 7.322099282247218621e-02
9.760000000000000000e+02 6.929043649729083043e-02
9.770000000000000000e+02 5.936668378806729540e-02
9.780000000000000000e+02 5.021730600139302780e-02
9.790000000000000000e+02 4.534560214220310220e-02
9.800000000000000000e+02 4.490041338334781890e-02
9.810000000000000000e+02 4.695726531188607750e-02
9.820000000000000000e+02 4.778244952994011724e-02
9.830000000000000000e+02 4.418340341576248997e-02
9.840000000000000000e+02 3.681065355715946313e-02
9.850000000000000000e+02 2.906082255859331748e-02
9.860000000000000000e+02 2.297831123082551275e-02
9.870000000000000000e+02 1.870411063574509147e-02
9.880000000000000000e+02 1.577919525907672468e-02
9.890000000000000000e+02 1.377306247409588146e-02
9.900000000000000000e+02 1.239058017999412897e-02
9.910000000000000000e+02 1.144470936671444262e-02
9.920000000000000000e+02 1.081929442357950320e-02
9.930000000000000000e+02 1.044323484431687425e-02
9.940000000000000000e+02 1.027496177703405254e-02
9.950000000000000000e+02 1.029375929668176898e-02
9.960000000000000000e+02 1.049551588358285138e-02
9.970000000000000000e+02 1.089165452373537513e-02
9.980000000000000000e+02 1.151090512736789410e-02
9.990000000000000000e+02 1.240437888565410623e-02
1.000000000000000000e+03 1.365528449661430367e-02
1.001000000000000000e+03 1.539592427541499990e-02
1.002000000000000000e+03 1.783606438310028283e-02
1.003000000000000000e+03 2.130633509466010184e-02
1.004000000000000000e+03 2.631082795522692724e-02
1.005000000000000000e+03 3.355007881715757478e-02
1.006000000000000000e+03 4.374792022788581702e-02
1.007000000000000000e+03 5.660031152455034797e-02
1.008000000000000000e+03 6.821317546086327899e-02
1.009000000000000000e+03 7.131913511836093789e-02
1.010000000000000000e+03 6.390905200486139692e-02
1.011000000000000000e+03 5.263243744383825501e-02
1.012000000000000000e+03 4.350513052758440274e-02
1.013000000000000000e+03 3.803327980869250502e-02
1.014000000000000000e+03 3.567112535037350596e-02
1.015000000000000000e+03 3.559408419691865999e-02
1.016000000000000000e+03 3.757808653052690379e-02
1.017000000000000000e+03 4.223412938634014957e-02
1.018000000000000000e+03 5.062872721710267448e-02
1.019000000000000000e+03 6.409013693948996393e-02
1.020000000000000000e+03 8.341267628302168058e-02
1.021000000000000000e+03 1.055349813217274779e-01
1.022000000000000000e+03 1.192157172414567839e-01
1.023000000000000000e+03 1.130490723478765336e-01
1.024000000000000000e+03 9.244087441537725269e-02
1.025000000000000000e+03 7.099227327267081111e-02
1.026000000000000000e+03 5.481066864368178831e-02
1.027000000000000000e+03 4.391832619153190898e-02
1.028000000000000000e+03 3.692049476531349822e-02
1.029000000000000000e+03 3.263434074616635566e-02
1.030000000000000000e+03 3.028665001566476986e-02
1.031000000000000000e+03 2.943378772744610974e-02
1.032000000000000000e+03 2.987455307337555724e-02
1.033000000000000000e+03 3.159850392804265662e-02
1.034000000000000000e+03 3.477164731509381490e-02
1.035000000000000000e+03 3.975917249762686567e-02
1.036000000000000000e+03 4.721867168137167114e-02
1.037000000000000000e+03 5.828013399715616105e-02
1.038000000000000000e+03 7.465969831337054829e-02
1.039000000000000000e+03 9.836203655089235942e-02
1.040000000000000000e+03 1.296191230216292845e-01
1.041000000000000000e+03 1.616206106881330762e-01
1.042000000000000000e+03 1.804788246424440801e-01
1.043000000000000000e+03 1.836137497984469402e-01
1.044000000000000000e+03 1.839594277810487899e-01
1.045000000000000000e+03 1.832199194695825206e-01
1.046000000000000000e+03 1.678010457705379210e-01
1.047000000000000000e+03 1.363845745852027003e-01
1.048000000000000000e+03 1.034771002840500637e-01
1.049000000000000000e+03 7.801205403466646149e-02
1.050000000000000000e+03 6.037030256406344247e-02
1.051000000000000000e+03 4.833273609390280334e-02
1.052000000000000000e+03 3.999755581641420421e-02
1.053000000000000000e+03 3.415706156448896497e-02
1.054000000000000000e+03 2.977607648134263443e-02
1.055000000000000000e+03 2.599010564965663350e-02
1.056000000000000000e+03 2.259834407645995233e-02
1.057000000000000000e+03 1.981166745716839844e-02
1.058000000000000000e+03 1.768291616339716030e-02
1.059000000000000000e+03 1.610844205549689240e-02
1.060000000000000000e+03 1.497117929991273119e-02
1.061000000000000000e+03 1.418945553895515840e-02
1.062000000000000000e+03 1.372040841786877075e-02
1.063000000000000000e+03 1.355641860966554264e-02
1.064000000000000000e+03 1.372254763438732553e-02
1.065000000000000000e+03 1.427011261194462317e-02
1.066000000000000000e+03 1.526473336468285244e-02
1.067000000000000000e+03 1.676860229145452075e-02
1.068000000000000000e+03 1.870467723908756166e-02
1.069000000000000000e+03 2.045639924722583713e-02
1.070000000000000000e+03 2.089573809209656005e-02
1.071000000000000000e+03 1.988257429775145552e-02
1.072000000000000000e+03 1.856905814263847335e-02
1.073000000000000000e+03 1.782561677300880873e-02
1.074000000000000000e+03 1.786237484539385592e-02
1.075000000000000000e+03 1.866490558135849506e-02
1.076000000000000000e+03 2.024773046758377923e-02
1.077000000000000000e+03 2.272945535168790707e-02
1.078000000000000000e+03 2.636475499977728593e-02
1.079000000000000000e+03 3.158837287075999534e-02
1.080000000000000000e+03 3.909930783725264897e-02
1.081000000000000000e+03 5.000421802067973875e-02
1.082000000000000000e+03 6.597462614469912223e-02
1.083000000000000000e+03 8.876479448631141578e-02
1.084000000000000000e+03 1.173981782141371860e-01
1.085000000000000000e+03 1.419588830490798037e-01
1.086000000000000000e+03 1.449587711241618337e-01
1.087000000000000000e+03 1.237765512750254870e-01
1.088000000000000000e+03 9.504249986561885688e-02
1.089000000000000000e+03 7.131331054162065586e-02
1.090000000000000000e+03 5.488884169264198615e-02
1.091000000000000000e+03 4.410943127688379123e-02
1.092000000000000000e+03 3.699848480931732658e-02
1.093000000000000000e+03 3.227795650446629167e-02
1.094000000000000000e+03 2.937209646811828057e-02
1.095000000000000000e+03 2.799855155658154127e-02
1.096000000000000000e+03 2.801602265504328851e-02
1.097000000000000000e+03 2.945442018901787626e-02
1.098000000000000000e+03 3.256176757175646697e-02
1.099000000000000000e+03 3.787340752924451409e-02
1.100000000000000000e+03 4.631173014203593397e-02
1.101000000000000000e+03 5.923309869640659003e-02
1.102000000000000000e+03 7.809193395789390535e-02
1.103000000000000000e+03 1.026704357190105221e-01
1.104000000000000000e+03 1.258448809334928031e-01
1.105000000000000000e+03 1.314198701364507338e-01
1.106000000000000000e+03 1.135040391334847104e-01
1.107000000000000000e+03 8.674061717426019558e-02
1.108000000000000000e+03 6.388864273731174881e-02
1.109000000000000000e+03 4.761581078000120398e-02
1.110000000000000000e+03 3.655026697732074309e-02
1.111000000000000000e+03 2.899008238000383778e-02
1.112000000000000000e+03 2.371268072520116635e-02
1.113000000000000000e+03 1.993597837756290805e-02
1.114000000000000000e+03 1.717019021814400123e-02
1.115000000000000000e+03 1.510584972294991279e-02
1.116000000000000000e+03 1.354392741006764031e-02
1.117000000000000000e+03 1.235370921399163609e-02
1.118000000000000000e+03 1.144543658474037225e-02
1.119000000000000000e+03 1.074887808070203003e-02
1.120000000000000000e+03 1.020495569079912443e-02
1.121000000000000000e+03 9.784478879218067374e-03
1.122000000000000000e+03 9.488067578974121452e-03
1.123000000000000000e+03 9.318123321071835122e-03
1.124000000000000000e+03 9.269238295690523238e-03
1.125000000000000000e+03 9.322500337754413904e-03
1.126000000000000000e+03 9.449610272239479872e-03
1.127000000000000000e+03 9.652146314093817264e-03
1.128000000000000000e+03 9.960794511830302345e-03
1.129000000000000000e+03 1.041474181085944722e-02
1.130000000000000000e+03 1.108101571903437679e-02
1.131000000000000000e+03 1.204279165509214954e-02
1.132000000000000000e+03 1.338263052807663056e-02
1.133000000000000000e+03 1.518560090081852096e-02
1.134000000000000000e+03 1.760885848153617358e-02
1.135000000000000000e+03 2.097255960119207008e-02
1.136000000000000000e+03 2.570373626651304214e-02
1.137000000000000000e+03 3.188159185129330747e-02
1.138000000000000000e+03 3.815857429374651388e-02
1.139000000000000000e+03 4.162473548224321362e-02
1.140000000000000000e+03 4.050898764384797124e-02
1.141000000000000000e+03 3.613712582307563453e-02
1.142000000000000000e+03 3.136757799619431519e-02
1.143000000000000000e+03 2.807091983000509217e-02
1.144000000000000000e+03 2.661147072793574458e-02
1.145000000000000000e+03 2.677536527316456971e-02
1.146000000000000000e+03 2.839520633947558229e-02
1.147000000000000000e+03 3.153602015219367227e-02
1.148000000000000000e+03 3.651688524399483021e-02
1.149000000000000000e+03 4.396401460694174951e-02
1.150000000000000000e+03 5.495189637159307583e-02
1.151000000000000000e+03 7.118687636637367755e-02
1.152000000000000000e+03 9.512518252690299603e-02
1.153000000000000000e+03 1.293929090465882337e-01
1.154000000000000000e+03 1.728948108645992077e-01
1.155000000000000000e+03 2.118957771468081841e-01
1.156000000000000000e+03 2.208847008460191053e-01
1.157000000000000000e+03 1.914218368474154275e-01
1.158000000000000000e+03 1.460701390726845406e-01
1.159000000000000000e+03 1.065079688920578527e-01
1.160000000000000000e+03 7.809638101455569636e-02
1.161000000000000000e+03 5.875615464966509049e-02
1.162000000000000000e+03 4.556820010242206009e-02
1.163000000000000000e+03 3.638622128877304351e-02
1.164000000000000000e+03 2.982782900875725202e-02
1.165000000000000000e+03 2.502536785712397224e-02
1.166000000000000000e+03 2.142951386129931038e-02
1.167000000000000000e+03 1.868531169343317158e-02
1.168000000000000000e+03 1.655795633770739544e-02
1.169000000000000000e+03 1.488854679545296988e-02
1.170000000000000000e+03 1.356736947402539112e-02
1.171000000000000000e+03 1.251747902200089912e-02
1.172000000000000000e+03 1.168445065306868320e-02
1.173000000000000000e+03 1.102995433823072968e-02
1.174000000000000000e+03 1.052782657594148255e-02
1.175000000000000000e+03 1.016193749918491152e-02
1.176000000000000000e+03 9.925558938847296037e-03
1.177000000000000000e+03 9.822166213335325330e-03
1.178000000000000000e+03 9.867274008974363450e-03
1.179000000000000000e+03 1.008811764615940611e-02
1.180000000000000000e+03 1.050719520427171282e-02
1.181000000000000000e+03 1.107862638331624620e-02
1.182000000000000000e+03 1.160584758239865781e-02
1.183000000000000000e+03 1.187869048508474051e-02
1.184000000000000000e+03 1.193670561094312653e-02
1.185000000000000000e+03 1.189690857548591878e-02
1.186000000000000000e+03 1.188306752945730328e-02
1.187000000000000000e+03 1.205769062903959410e-02
1.188000000000000000e+03 1.250374109469588879e-02
1.189000000000000000e+03 1.324430695976788405e-02
1.190000000000000000e+03 1.430460483432628889e-02
1.191000000000000000e+03 1.573879719833513532e-02
1.192000000000000000e+03 1.764233790233783045e-02
1.193000000000000000e+03 2.016749373664549622e-02
1.194000000000000000e+03 2.355060092774487537e-02
1.195000000000000000e+03 2.815961766933983146e-02
1.196000000000000000e+03 3.457507010654022744e-02
1.197000000000000000e+03 4.372162043539104537e-02
1.198000000000000000e+03 5.705083234638533285e-02
1.199000000000000000e+03 7.664362830423010475e-02
1.200000000000000000e+03 1.045360450127708479e-01
1.201000000000000000e+03 1.393392115534360098e-01
1.202000000000000000e+03 1.699759347185728908e-01
1.203000000000000000e+03 1.777422459969111301e-01
1.204000000000000000e+03 1.558892781336563005e-01
1.205000000000000000e+03 1.204086023815153783e-01
1.206000000000000000e+03 8.865593985974073998e-02
1.207000000000000000e+03 6.560351080671486534e-02
1.208000000000000000e+03 4.988570720160512284e-02
1.209000000000000000e+03 3.918632689626931620e-02
1.210000000000000000e+03 3.167766188799071847e-02
1.211000000000000000e+03 2.622130539279330166e-02
1.212000000000000000e+03 2.219273579148410211e-02
1.213000000000000000e+03 1.919200616798993203e-02
1.214000000000000000e+03 1.693046884290679358e-02
1.215000000000000000e+03 1.520496725178669024e-02
1.216000000000000000e+03 1.387593991629785563e-02
1.217000000000000000e+03 1.284752779174844727e-02
1.218000000000000000e+03 1.205332157957553392e-02
1.219000000000000000e+03 1.144707860259643571e-02
1.220000000000000000e+03 1.099689777885813971e-02
1.221000000000000000e+03 1.068170120421837316e-02
1.222000000000000000e+03 1.048922198740492168e-02
1.223000000000000000e+03 1.041450612990848026e-02
1.224000000000000000e+03 1.045635084736629833e-02
1.225000000000000000e+03 1.060649767103379569e-02
1.226000000000000000e+03 1.083120692598082795e-02
1.227000000000000000e+03 1.107461073342897936e-02
1.228000000000000000e+03 1.133498334514124531e-02
1.229000000000000000e+03 1.169280840760369110e-02
1.230000000000000000e+03 1.222205540742385063e-02
1.231000000000000000e+03 1.296568027697228391e-02
1.232000000000000000e+03 1.395081876695355473e-02
1.233000000000000000e+03 1.518082699149922443e-02
1.234000000000000000e+03 1.666946611844684692e-02
1.235000000000000000e+03 1.854169013726757534e-02
1.236000000000000000e+03 2.098853979647108056e-02
1.237000000000000000e+03 2.419821992822256823e-02
1.238000000000000000e+03 2.853297100648919532e-02
1.239000000000000000e+03 3.469805244566621927e-02
1.240000000000000000e+03 4.370872565357303979e-02
1.241000000000000000e+03 5.665034172718112077e-02
1.242000000000000000e+03 7.348871287821447107e-02
1.243000000000000000e+03 9.025608473080665162e-02
1.244000000000000000e+03 9.899376373139447127e-02
1.245000000000000000e+03 9.490574200391188597e-02
1.246000000000000000e+03 8.166923166677614310e-02
1.247000000000000000e+03 6.781299197167799109e-02
1.248000000000000000e+03 5.830293552273800584e-02
1.249000000000000000e+03 5.377281567863303330e-02
1.250000000000000000e+03 5.367742107633979159e-02
1.251000000000000000e+03 5.787605235410300808e-02
1.252000000000000000e+03 6.695410513478673720e-02
1.253000000000000000e+03 8.192904240942311400e-02
1.254000000000000000e+03 1.027362641807236521e-01
1.255000000000000000e+03 1.247805049060164845e-01
1.256000000000000000e+03 1.385958608173644413e-01
1.257000000000000000e+03 1.381852992014680759e-01
1.258000000000000000e+03 1.268406095126406452e-01
1.259000000000000000e+03 1.143719314804793608e-01
1.260000000000000000e+03 1.093682224517749518e-01
1.261000000000000000e+03 1.156247737118021868e-01
1.262000000000000000e+03 1.345302151552003334e-01
1.263000000000000000e+03 1.648166515691523726e-01
1.264000000000000000e+03 1.964685702403297929e-01
1.265000000000000000e+03 2.089990372090725079e-01
1.266000000000000000e+03 1.902610248614252098e-01
1.267000000000000000e+03 1.525682523332060891e-01
1.268000000000000000e+03 1.160969733361442158e-01
1.269000000000000000e+03 8.920857151324272649e-02
1.270000000000000000e+03 7.134046388795986515e-02
1.271000000000000000e+03 5.983292657118041008e-02
1.272000000000000000e+03 5.227465410188127104e-02
1.273000000000000000e+03 4.680292802941671965e-02
1.274000000000000000e+03 4.249330977992916980e-02
1.275000000000000000e+03 3.934220492341024972e-02
1.276000000000000000e+03 3.735978055508545892e-02
1.277000000000000000e+03 3.627990321939326968e-02
1.278000000000000000e+03 3.576327898038188929e-02
1.279000000000000000e+03 3.596712633587927782e-02
1.280000000000000000e+03 3.732907499792265799e-02
1.281000000000000000e+03 4.014251361541281565e-02
1.282000000000000000e+03 4.468706013947975481e-02
1.283000000000000000e+03 5.133860672856512680e-02
1.284000000000000000e+03 6.087057225904346502e-02
1.285000000000000000e+03 7.502730914684152541e-02
1.286000000000000000e+03 9.646012667003944774e-02
1.287000000000000000e+03 1.277974875889125728e-01
1.288000000000000000e+03 1.679858793314654708e-01
1.289000000000000000e+03 2.044076836237322115e-01
1.290000000000000000e+03 2.149493203242016370e-01
1.291000000000000000e+03 1.920057147264603581e-01
1.292000000000000000e+03 1.519519651086105871e-01
1.293000000000000000e+03 1.145184383041308596e-01
1.294000000000000000e+03 8.696300820992726444e-02
1.295000000000000000e+03 6.831432099741578667e-02
1.296000000000000000e+03 5.595028554403572163e-02
1.297000000000000000e+03 4.778753803817389900e-02
1.298000000000000000e+03 4.247450720141981995e-02
1.299000000000000000e+03 3.918718278118400039e-02
1.300000000000000000e+03 3.743678251609902641e-02
1.301000000000000000e+03 3.693563017125901099e-02
1.302000000000000000e+03 3.753007913063123591e-02
1.303000000000000000e+03 3.922465156526294683e-02
1.304000000000000000e+03 4.217102332876473264e-02
1.305000000000000000e+03 4.659227839849111596e-02
1.306000000000000000e+03 5.288320011729634451e-02
1.307000000000000000e+03 6.184816076090107750e-02
1.308000000000000000e+03 7.478748673784668677e-02
1.309000000000000000e+03 9.365457433321690284e-02
1.310000000000000000e+03 1.214746086171634154e-01
1.311000000000000000e+03 1.626715964799790581e-01
1.312000000000000000e+03 2.216273320410346026e-01
1.313000000000000000e+03 2.949499035590724128e-01
1.314000000000000000e+03 3.553246475041741959e-01
1.315000000000000000e+03 3.582487625252885333e-01
1.316000000000000000e+03 3.004414739409930202e-01
1.317000000000000000e+03 2.259245216810870927e-01
1.318000000000000000e+03 1.650786561773133765e-01
1.319000000000000000e+03 1.223435822324345501e-01
1.320000000000000000e+03 9.328484506246426111e-02
1.321000000000000000e+03 7.336651759495538272e-02
1.322000000000000000e+03 5.948220888960954050e-02
1.323000000000000000e+03 4.963229885033259431e-02
1.324000000000000000e+03 4.254156505010112804e-02
1.325000000000000000e+03 3.737901172052545545e-02
1.326000000000000000e+03 3.357100909304516073e-02
1.327000000000000000e+03 3.074643129900153302e-02
1.328000000000000000e+03 2.871708006770398725e-02
1.329000000000000000e+03 2.738352398655169440e-02
1.330000000000000000e+03 2.664146265975966474e-02
1.331000000000000000e+03 2.641473220151365278e-02
1.332000000000000000e+03 2.681262121900847284e-02
1.333000000000000000e+03 2.810338648693203392e-02
1.334000000000000000e+03 3.060891723186538391e-02
1.335000000000000000e+03 3.467746736124444756e-02
1.336000000000000000e+03 4.061345696130384125e-02
1.337000000000000000e+03 4.846025982043723757e-02
1.338000000000000000e+03 5.699322183274986575e-02
1.339000000000000000e+03 6.285996619836881072e-02
1.340000000000000000e+03 6.360061697458641028e-02
1.341000000000000000e+03 6.002814653701611658e-02
1.342000000000000000e+03 5.452118555554448520e-02
1.343000000000000000e+03 4.986699452360023738e-02
1.344000000000000000e+03 4.809314264129360000e-02
1.345000000000000000e+03 5.001355751075265560e-02
1.346000000000000000e+03 5.618178791615693196e-02
1.347000000000000000e+03 6.723320104142883891e-02
1.348000000000000000e+03 8.270577016813200621e-02
1.349000000000000000e+03 9.855291850722965041e-02
1.350000000000000000e+03 1.079835520855731146e-01
1.351000000000000000e+03 1.076579619125091064e-01
1.352000000000000000e+03 1.003084523272548684e-01
1.353000000000000000e+03 9.166184472765487312e-02
1.354000000000000000e+03 8.502201627106441284e-02
1.355000000000000000e+03 7.949212276305483993e-02
1.356000000000000000e+03 7.346667383409527519e-02
1.357000000000000000e+03 6.588414746797462140e-02
1.358000000000000000e+03 5.637693961172678819e-02
1.359000000000000000e+03 4.673835182825204770e-02
1.360000000000000000e+03 3.901722373163460378e-02
1.361000000000000000e+03 3.369945317059659662e-02
1.362000000000000000e+03 3.035350064241895338e-02
1.363000000000000000e+03 2.845785877968344188e-02
1.364000000000000000e+03 2.772673066334216743e-02
1.365000000000000000e+03 2.810395978611223561e-02
1.366000000000000000e+03 2.968167935502958113e-02
1.367000000000000000e+03 3.270527956883706455e-02
1.368000000000000000e+03 3.760831666985837984e-02
1.369000000000000000e+03 4.506533033941767519e-02
1.370000000000000000e+03 5.592316850196239059e-02
1.371000000000000000e+03 7.022122478057252204e-02
1.372000000000000000e+03 8.414008436331894825e-02
1.373000000000000000e+03 8.882839076503659670e-02
1.374000000000000000e+03 8.072596820150809704e-02
1.375000000000000000e+03 6.763222360520741716e-02
1.376000000000000000e+03 5.702183657073879586e-02
1.377000000000000000e+03 5.062532856479881604e-02
1.378000000000000000e+03 4.751313138915713719e-02
1.379000000000000000e+03 4.686356285225083684e-02
1.380000000000000000e+03 4.883155476799756062e-02
1.381000000000000000e+03 5.404453956980901502e-02
1.382000000000000000e+03 6.346761683692422884e-02
1.383000000000000000e+03 7.851291425368606136e-02
1.384000000000000000e+03 1.003944285261674924e-01
1.385000000000000000e+03 1.272434973870192887e-01
1.386000000000000000e+03 1.504684715025156605e-01
1.387000000000000000e+03 1.606800522407731968e-01
1.388000000000000000e+03 1.573669909755168461e-01
1.389000000000000000e+03 1.426092938113510955e-01
1.390000000000000000e+03 1.191205141551261032e-01
1.391000000000000000e+03 9.445198325424372654e-02
1.392000000000000000e+03 7.491890999041551924e-02
1.393000000000000000e+03 6.153780101975842021e-02
1.394000000000000000e+03 5.295254217191504298e-02
1.395000000000000000e+03 4.786244015618451586e-02
1.396000000000000000e+03 4.550330086304739396e-02
1.397000000000000000e+03 4.552034332996518495e-02
1.398000000000000000e+03 4.788003080270831352e-02
1.399000000000000000e+03 5.285199688949090979e-02
1.400000000000000000e+03 6.102421435472725475e-02
1.401000000000000000e+03 7.339585173415773267e-02
1.402000000000000000e+03 9.076943683259591777e-02
1.403000000000000000e+03 1.109030236425324056e-01
1.404000000000000000e+03 1.259415773315110954e-01
1.405000000000000000e+03 1.275719206014709894e-01
1.406000000000000000e+03 1.165732589107469214e-01
1.407000000000000000e+03 1.029430259286193416e-01
1.408000000000000000e+03 9.504224828775451051e-02
1.409000000000000000e+03 9.568553758192836767e-02
1.410000000000000000e+03 1.055392444428530085e-01
1.411000000000000000e+03 1.245543859330071751e-01
1.412000000000000000e+03 1.494584519049994564e-01
1.413000000000000000e+03 1.716094240904043056e-01
1.414000000000000000e+03 1.836192674374346190e-01
1.415000000000000000e+03 1.841223460839396808e-01
1.416000000000000000e+03 1.727966903109762753e-01
1.417000000000000000e+03 1.509945597105284143e-01
1.418000000000000000e+03 1.242688154689562396e-01
1.419000000000000000e+03 1.004510766874464472e-01
1.420000000000000000e+03 8.383027177887718284e-02
1.421000000000000000e+03 7.452484854549179527e-02
1.422000000000000000e+03 7.153720116592925116e-02
1.423000000000000000e+03 7.400442189033656915e-02
1.424000000000000000e+03 8.043983807434923472e-02
1.425000000000000000e+03 8.721354340324871668e-02
1.426000000000000000e+03 8.941191345140800384e-02
1.427000000000000000e+03 8.395278297658294309e-02
1.428000000000000000e+03 7.263729483006335641e-02
1.429000000000000000e+03 6.100119086133334173e-02
1.430000000000000000e+03 5.225273148902171566e-02
1.431000000000000000e+03 4.650778275065108741e-02
1.432000000000000000e+03 4.293631383500092630e-02
1.433000000000000000e+03 4.088792269987299305e-02
1.434000000000000000e+03 4.002167305786664964e-02
1.435000000000000000e+03 4.015206862553648975e-02
1.436000000000000000e+03 4.117962720555889272e-02
1.437000000000000000e+03 4.307004665491815515e-02
1.438000000000000000e+03 4.585459615431085323e-02
1.439000000000000000e+03 4.963647800325290960e-02
1.440000000000000000e+03 5.460186000423611352e-02
1.441000000000000000e+03 6.104217034908955564e-02
1.442000000000000000e+03 6.939464640915296578e-02
1.443000000000000000e+03 8.031144983340915422e-02
1.444000000000000000e+03 9.477546710515979966e-02
1.445000000000000000e+03 1.142944076940487358e-01
1.446000000000000000e+03 1.412244337778982284e-01
1.447000000000000000e+03 1.792871659286884300e-01
1.448000000000000000e+03 2.342626429770150454e-01
1.449000000000000000e+03 3.142752342344098948e-01
1.450000000000000000e+03 4.269270973495530308e-01
1.451000000000000000e+03 5.674886946044482849e-01
1.452000000000000000e+03 7.042202165811930481e-01
1.453000000000000000e+03 7.866445542479589825e-01
1.454000000000000000e+03 7.645079395461475968e-01
1.455000000000000000e+03 6.404304364206390154e-01
1.456000000000000000e+03 4.870641860623942665e-01
1.457000000000000000e+03 3.594383704941332414e-01
1.458000000000000000e+03 2.675753511003737262e-01
1.459000000000000000e+03 2.041539045172283406e-01
1.460000000000000000e+03 1.605003229513435603e-01
1.461000000000000000e+03 1.301015811246409304e-01
1.462000000000000000e+03 1.085762752004654219e-01
1.463000000000000000e+03 9.310282485709078792e-02
1.464000000000000000e+03 8.188406969826571291e-02
1.465000000000000000e+03 7.377045164763096352e-02
1.466000000000000000e+03 6.802455480644913066e-02
1.467000000000000000e+03 6.418076634420481763e-02
1.468000000000000000e+03 6.196439947634747869e-02
1.469000000000000000e+03 6.124887468124247392e-02
1.470000000000000000e+03 6.203991280167894112e-02
1.471000000000000000e+03 6.448244916043111008e-02
1.472000000000000000e+03 6.888957185313240861e-02
1.473000000000000000e+03 7.579383906388983960e-02
1.474000000000000000e+03 8.603468182747479875e-02
1.475000000000000000e+03 1.009456341848130601e-01
1.476000000000000000e+03 1.226482894085263869e-01
1.477000000000000000e+03 1.540398266893521495e-01
1.478000000000000000e+03 1.976621971611109418e-01
1.479000000000000000e+03 2.535543026792845267e-01
1.480000000000000000e+03 3.180107327282741814e-01
1.481000000000000000e+03 3.756325412762684945e-01
1.482000000000000000e+03 3.902408746407832751e-01
1.483000000000000000e+03 3.453669788616836600e-01
1.484000000000000000e+03 2.748562294009815887e-01
1.485000000000000000e+03 2.138917874093953786e-01
1.486000000000000000e+03 1.718428133914312872e-01
1.487000000000000000e+03 1.458794252247702372e-01
1.488000000000000000e+03 1.319280000111207052e-01
1.489000000000000000e+03 1.273167078326039592e-01
1.490000000000000000e+03 1.305168076062794558e-01
1.491000000000000000e+03 1.404971374766421921e-01
1.492000000000000000e+03 1.571614505166180065e-01
1.493000000000000000e+03 1.818819298850769262e-01
1.494000000000000000e+03 2.151478501372638963e-01
1.495000000000000000e+03 2.554813402832081248e-01
1.496000000000000000e+03 3.029453667832487929e-01
1.497000000000000000e+03 3.646188708381084553e-01
1.498000000000000000e+03 4.498741471848399787e-01
1.499000000000000000e+03 5.489434646002857576e-01
1.500000000000000000e+03 6.237273250655454016e-01
1.501000000000000000e+03 6.418843310685540260e-01
1.502000000000000000e+03 5.956269407245519121e-01
1.503000000000000000e+03 5.050217412186877031e-01
1.504000000000000000e+03 4.042682953360578479e-01
1.505000000000000000e+03 3.108624499392719787e-01
1.506000000000000000e+03 2.345232727112065985e-01
1.507000000000000000e+03 1.782111572648431563e-01
1.508000000000000000e+03 1.383897331372521966e-01
1.509000000000000000e+03 1.101594573966644119e-01
1.510000000000000000e+03 8.967205235253193629e-02
1.511000000000000000e+03 7.443371965120601508e-02
1.512000000000000000e+03 6.286548872878257310e-02
1.513000000000000000e+03 5.390807114309710546e-02
1.514000000000000000e+03 4.683737374368061174e-02
1.515000000000000000e+03 4.115648260984408613e-02
1.516000000000000000e+03 3.651995655402524854e-02
1.517000000000000000e+03 3.268307464653417288e-02
1.518000000000000000e+03 2.946894352508487233e-02
1.519000000000000000e+03 2.674722832744800410e-02
1.520000000000000000e+03 2.442020274499583782e-02
1.521000000000000000e+03 2.241341901813652740e-02
1.522000000000000000e+03 2.066934339303461154e-02
1.523000000000000000e+03 1.914293172846922783e-02
1.524000000000000000e+03 1.779849930987567955e-02
1.525000000000000000e+03 1.660747027957102176e-02
1.526000000000000000e+03 1.554673517188735928e-02
1.527000000000000000e+03 1.459743566691741427e-02
1.528000000000000000e+03 1.374405403551683287e-02
1.529000000000000000e+03 1.297372290955800533e-02
1.530000000000000000e+03 1.227569641251181551e-02
1.531000000000000000e+03 1.164094086924454853e-02
1.532000000000000000e+03 1.106181510986076720e-02
1.533000000000000000e+03 1.053181859064572859e-02
1.534000000000000000e+03 1.004539133998149508e-02
1.535000000000000000e+03 9.597753862838103583e-03
1.536000000000000000e+03 9.184778112887429652e-03
1.537000000000000000e+03 8.802882809706414485e-03
1.538000000000000000e+03 8.448947974404855468e-03
1.539000000000000000e+03 8.120244742405304320e-03
1.540000000000000000e+03 7.814377400292634931e-03
1.541000000000000000e+03 7.529235264643269546e-03
1.542000000000000000e+03 7.262952531603001673e-03
1.543000000000000000e+03 7.013874617794253925e-03
1.544000000000000000e+03 6.780529815742341281e-03
1.545000000000000000e+03 6.561605322276077221e-03
1.546000000000000000e+03 6.355926882422251178e-03
1.547000000000000000e+03 6.162441436183628551e-03
1.548000000000000000e+03 5.980202270265121481e-03
1.549000000000000000e+03 5.808356268081148188e-03
1.550000000000000000e+03 5.646132924395590343e-03
1.551000000000000000e+03 5.492834849654387903e-03
1.552000000000000000e+03 5.347829536499013742e-03
1.553000000000000000e+03 5.210542199439440955e-03
1.554000000000000000e+03 5.080449530038799212e-03
1.555000000000000000e+03 4.957074235641992579e-03
1.556000000000000000e+03 4.839980250785164140e-03
1.557000000000000000e+03 4.728768527834627082e-03
1.558000000000000000e+03 4.623073327822278984e-03
1.559000000000000000e+03 4.522558944427364745e-03
1.560000000000000000e+03 4.426916804047277901e-03
1.561000000000000000e+03 4.335862893261513591e-03
1.562000000000000000e+03 4.249135472011418904e-03
1.563000000000000000e+03 4.166493036728414860e-03
1.564000000000000000e+03 4.087712502634501151e-03
1.565000000000000000e+03 4.012587578666542386e-03
1.566000000000000000e+03 3.940927312066714802e-03
1.567000000000000000e+03 3.872554782739920463e-03
1.568000000000000000e+03 3.807305930090667222e-03
1.569000000000000000e+03 3.745028497288015526e-03
1.570000000000000000e+03 3.685581079826192371e-03
1.571000000000000000e+03 3.628832266899742563e-03
1.572000000000000000e+03 3.574659865535904230e-03
1.573000000000000000e+03 3.522950198657768140e-03
1.574000000000000000e+03 3.473597469317973082e-03
1.575000000000000000e+03 3.426503184268596923e-03
1.576000000000000000e+03 3.381575630838300379e-03
1.577000000000000000e+03 3.338729401790311874e-03
1.578000000000000000e+03 3.297884963448569247e-03
1.579000000000000000e+03 3.258968262916836413e-03
1.580000000000000000e+03 3.221910370687251432e-03
1.581000000000000000e+03 3.186647155349476689e-03
1.582000000000000000e+03 3.153118987477096513e-03
1.583000000000000000e+03 3.121270470090693576e-03
1.584000000000000000e+03 3.091050193382656811e-03
1.585000000000000000e+03 3.062410511642262197e-03
1.586000000000000000e+03 3.035307340544891874e-03
1.587000000000000000e+03 3.009699973170225189e-03
1.588000000000000000e+03 2.985550913293812548e-03
1.589000000000000000e+03 2.962825724657554543e-03
1.590000000000000000e+03 2.941492895069388810e-03
1.591000000000000000e+03 2.921523714313299571e-03
1.592000000000000000e+03 2.902892164969180476e-03
1.593000000000000000e+03 2.885574825349873640e-03
1.594000000000000000e+03 2.869550783861280364e-03
1.595000000000000000e+03 2.854801564182003759e-03
1.596000000000000000e+03 2.841311060742704713e-03
1.597000000000000000e+03 2.829065484063314137e-03
1.598000000000000000e+03 2.818053315579253752e-03
1.599000000000000000e+03 2.808265271656875707e-03
1.600000000000000000e+03 2.799694276564033968e-03
1.601000000000000000e+03 2.792335444225034317e-03
1.602000000000000000e+03 2.786186068650550046e-03
1.603000000000000000e+03 2.781245622993495231e-03
1.604000000000000000e+03 2.777515767241521549e-03
1.605000000000000000e+03 2.775000364616802585e-03
1.606000000000000000e+03 2.773705506814483617e-03
1.607000000000000000e+03 2.773639548273258010e-03
1.608000000000000000e+03 2.774813149735883520e-03
1.609000000000000000e+03 2.777239331424445970e-03
1.610000000000000000e+03 2.780933536225894606e-03
1.611000000000000000e+03 2.785913703358378155e-03
1.612000000000000000e+03 2.792200353069170578e-03
1.613000000000000000e+03 2.799816683001536514e-03
1.614000000000000000e+03 2.808788676961572733e-03
1.615000000000000000e+03 2.819145226918330811e-03
1.616000000000000000e+03 2.830918269182461887e-03
1.617000000000000000e+03 2.844142935831859079e-03
1.618000000000000000e+03 2.858857722588844033e-03
1.619000000000000000e+03 2.875104674504458651e-03
1.620000000000000000e+03 2.892929590973212020e-03
1.621000000000000000e+03 2.912382251789008732e-03
1.622000000000000000e+03 2.933516666162556269e-03
1.623000000000000000e+03 2.956391346855567759e-03
1.624000000000000000e+03 2.981069611851403997e-03
1.625000000000000000e+03 3.007619916279571752e-03
1.626000000000000000e+03 3.036116217647868206e-03
1.627000000000000000e+03 3.066638377816547582e-03
1.628000000000000000e+03 3.099272605580525967e-03
1.629000000000000000e+03 3.134111944216116073e-03
1.630000000000000000e+03 3.171256808907147763e-03
1.631000000000000000e+03 3.210815579602395269e-03
1.632000000000000000e+03 3.252905255584386934e-03
1.633000000000000000e+03 3.297652178863632114e-03
1.634000000000000000e+03 3.345192834469469523e-03
1.635000000000000000e+03 3.395674736809448958e-03
1.636000000000000000e+03 3.449257412537510073e-03
1.637000000000000000e+03 3.506113491836134691e-03
1.638000000000000000e+03 3.566429921712827890e-03
1.639000000000000000e+03 3.630409316877676248e-03
1.640000000000000000e+03 3.698271466054600231e-03
1.641000000000000000e+03 3.770255014242588146e-03
1.642000000000000000e+03 3.846619344554378858e-03
1.643000000000000000e+03 3.927646686903103757e-03
1.644000000000000000e+03 4.013644485083778073e-03
1.645000000000000000e+03 4.104948058829893838e-03
1.646000000000000000e+03 4.201923603365255964e-03
1.647000000000000000e+03 4.304971576000967727e-03
1.648000000000000000e+03 4.414530527670546857e-03
1.649000000000000000e+03 4.531081447227919799e-03
1.650000000000000000e+03 4.655152698192024235e-03
1.651000000000000000e+03 4.787325641827656388e-03
1.652000000000000000e+03 4.928241057525283887e-03
1.653000000000000000e+03 5.078606492032479262e-03
1.654000000000000000e+03 5.239204694008774837e-03
1.655000000000000000e+03 5.410903320646405154e-03
1.656000000000000000e+03 5.594666140011752067e-03
1.657000000000000000e+03 5.791565997953979257e-03
1.658000000000000000e+03 6.002799873985250126e-03
1.659000000000000000e+03 6.229706419135388508e-03
1.660000000000000000e+03 6.473786453866242803e-03
1.661000000000000000e+03 6.736727010156652942e-03
1.662000000000000000e+03 7.020429634643545087e-03
1.663000000000000000e+03 7.327043836834201858e-03
1.664000000000000000e+03 7.659006777912138672e-03
1.665000000000000000e+03 8.019090564841348592e-03
1.666000000000000000e+03 8.410458859088528610e-03
1.667000000000000000e+03 8.836734953215697949e-03
1.668000000000000000e+03 9.302084044214970621e-03
1.669000000000000000e+03 9.811313183971695842e-03
1.670000000000000000e+03 1.036999337553654033e-02
1.671000000000000000e+03 1.098460959354418710e-02
1.672000000000000000e+03 1.166274625673339310e-02
1.673000000000000000e+03 1.241331803802018206e-02
1.674000000000000000e+03 1.324685910318414150e-02
1.675000000000000000e+03 1.417588827042803520e-02
1.676000000000000000e+03 1.521537368839223116e-02
1.677000000000000000e+03 1.638332919320343445e-02
1.678000000000000000e+03 1.770158665741985993e-02
1.679000000000000000e+03 1.919680610894667488e-02
1.680000000000000000e+03 2.090181084168493339e-02
1.681000000000000000e+03 2.285737235103097939e-02
1.682000000000000000e+03 2.511462640303934943e-02
1.683000000000000000e+03 2.773838778113108666e-02
1.684000000000000000e+03 3.081176528555478605e-02
1.685000000000000000e+03 3.444269071386359821e-02
1.686000000000000000e+03 3.877331728780005621e-02
1.687000000000000000e+03 4.399380100690569034e-02
1.688000000000000000e+03 5.036289109167871314e-02
1.689000000000000000e+03 5.823920039582681368e-02
1.690000000000000000e+03 6.812900505520680383e-02
1.691000000000000000e+03 8.075760085158602275e-02
1.692000000000000000e+03 9.716487431321697843e-02
1.693000000000000000e+03 1.187989360421172341e-01
1.694000000000000000e+03 1.476129620296264544e-01
1.695000000000000000e+03 1.866426271274985449e-01
1.696000000000000000e+03 2.415917828327078798e-01
1.697000000000000000e+03 3.219831818866905615e-01
1.698000000000000000e+03 4.411564570535837504e-01
1.699000000000000000e+03 6.122106455207213527e-01
1.700000000000000000e+03 8.253334147968477419e-01
1.701000000000000000e+03 9.981703973152656895e-01
1.702000000000000000e+03 1.000000000000000000e+00
1.703000000000000000e+03 8.310343006341510685e-01
1.704000000000000000e+03 6.193656449041541334e-01
1.705000000000000000e+03 4.471999023345836766e-01
1.706000000000000000e+03 3.264171399436010534e-01
1.707000000000000000e+03 2.449074569435891191e-01
1.708000000000000000e+03 1.897586388179789696e-01
1.709000000000000000e+03 1.518591485815445064e-01
1.710000000000000000e+03 1.251923928678483344e-01
1.711000000000000000e+03 1.052580725970570924e-01
1.712000000000000000e+03 8.873448172213525831e-02
1.713000000000000000e+03 7.453614705422240139e-02
1.714000000000000000e+03 6.288042566938494005e-02
1.715000000000000000e+03 5.363746366390539921e-02
1.716000000000000000e+03 4.632369142331547313e-02
1.717000000000000000e+03 4.046214819975482713e-02
1.718000000000000000e+03 3.568962099810102373e-02
1.719000000000000000e+03 3.174589221441231207e-02
1.720000000000000000e+03 2.844467863555497078e-02
1.721000000000000000e+03 2.565035425537338584e-02
1.722000000000000000e+03 2.326213951116284928e-02
1.723000000000000000e+03 2.120367777900349776e-02
1.724000000000000000e+03 1.941610596002498607e-02
1.725000000000000000e+03 1.785335387244853939e-02
1.726000000000000000e+03 1.647888285282705922e-02
1.727000000000000000e+03 1.526337374853259723e-02
1.728000000000000000e+03 1.418305563573212837e-02
1.729000000000000000e+03 1.321847648919035126e-02
1.730000000000000000e+03 1.235358485685855538e-02
1.731000000000000000e+03 1.157503436822984039e-02
1.732000000000000000e+03 1.087165049584322765e-02
1.733000000000000000e+03 1.023401717530298197e-02
1.734000000000000000e+03 9.654153120853983458e-03
1.735000000000000000e+03 9.125256053863302699e-03
1.736000000000000000e+03 8.641498900365557345e-03
1.737000000000000000e+03 8.197866144289942675e-03
1.738000000000000000e+03 7.790021485593264655e-03
1.739000000000000000e+03 7.414200104380528657e-03
1.740000000000000000e+03 7.067120413148235761e-03
1.741000000000000000e+03 6.745911353269947418e-03
1.742000000000000000e+03 6.448052172083719794e-03
1.743000000000000000e+03 6.171322282900315072e-03
1.744000000000000000e+03 5.913759318321484826e-03
1.745000000000000000e+03 5.673623877904983119e-03
1.746000000000000000e+03 5.449369773772167781e-03
1.747000000000000000e+03 5.239618813697253380e-03
1.748000000000000000e+03 5.043139346399109352e-03
1.749000000000000000e+03 4.858827939983143863e-03
1.750000000000000000e+03 4.685693680611719217e-03
1.751000000000000000e+03 4.522844671213839540e-03
1.752000000000000000e+03 4.369476384476890171e-03
1.753000000000000000e+03 4.224861584400137551e-03
1.754000000000000000e+03 4.088341579343321257e-03
1.755000000000000000e+03 3.959318609108484870e-03
1.756000000000000000e+03 3.837249200970278655e-03
1.757000000000000000e+03 3.721638356146505285e-03
1.758000000000000000e+03 3.612034450101692107e-03
1.759000000000000000e+03 3.508024748191998152e-03
1.760000000000000000e+03 3.409231453198621840e-03
1.761000000000000000e+03 3.315308213824580755e-03
1.762000000000000000e+03 3.225937033700611214e-03
1.763000000000000000e+03 3.140825529225711298e-03
1.764000000000000000e+03 3.059704491952523319e-03
1.765000000000000000e+03 2.982325717457478490e-03
1.766000000000000000e+03 2.908460067906188350e-03
1.767000000000000000e+03 2.837895739996128611e-03
1.768000000000000000e+03 2.770436713762443933e-03
1.769000000000000000e+03 2.705901360976973712e-03
1.770000000000000000e+03 2.644121194644448707e-03
1.771000000000000000e+03 2.584939743477475838e-03
1.772000000000000000e+03 2.528211537274527645e-03
1.773000000000000000e+03 2.473801190884183324e-03
1.774000000000000000e+03 2.421582575956842797e-03
1.775000000000000000e+03 2.371438070998076360e-03
1.776000000000000000e+03 2.323257881375621805e-03
1.777000000000000000e+03 2.276939421920251734e-03
1.778000000000000000e+03 2.232386755620592404e-03
1.779000000000000000e+03 2.189510082661651376e-03
1.780000000000000000e+03 2.148225274711621641e-03
1.781000000000000000e+03 2.108453449934480015e-03
1.782000000000000000e+03 2.070120584708201074e-03
1.783000000000000000e+03 2.033157158469405847e-03
1.784000000000000000e+03 1.997497828493197212e-03
1.785000000000000000e+03 1.963081131758707010e-03
1.786000000000000000e+03 1.929849211352406687e-03
1.787000000000000000e+03 1.897747565127785255e-03
1.788000000000000000e+03 1.866724814575874362e-03
1.789000000000000000e+03 1.836732492070200333e-03
1.790000000000000000e+03 1.807724844835359576e-03
1.791000000000000000e+03 1.779658654153422120e-03
1.792000000000000000e+03 1.752493068469237374e-03
1.793000000000000000e+03 1.726189449186635305e-03
1.794000000000000000e+03 1.700711228064359648e-03
1.795000000000000000e+03 1.676023775225022857e-03
1.796000000000000000e+03 1.652094276883762664e-03
1.797000000000000000e+03 1.628891621987019114e-03
1.798000000000000000e+03 1.606386297026937780e-03
1.799000000000000000e+03 1.584550288364294790e-03
1.800000000000000000e+03 1.563356991453501450e-03
1.801000000000000000e+03 1.542781126417761472e-03
1.802000000000000000e+03 1.522798659471642346e-03
1.803000000000000000e+03 1.503386729732655164e-03
1.804000000000000000e+03 1.484523581003450608e-03
1.805000000000000000e+03 1.466188498142487326e-03
1.806000000000000000e+03 1.448361747673698350e-03
1.807000000000000000e+03 1.431024522315403093e-03
1.808000000000000000e+03 1.414158889135557493e-03
1.809000000000000000e+03 1.397747741064851810e-03
1.810000000000000000e+03 1.381774751521323364e-03
1.811000000000000000e+03 1.366224331920290165e-03
1.812000000000000000e+03 1.351081591861758024e-03
1.813000000000000000e+03 1.336332301804127234e-03
1.814000000000000000e+03 1.321962858048275321e-03
1.815000000000000000e+03 1.307960249869951274e-03
1.816000000000000000e+03 1.294312028651100959e-03
1.817000000000000000e+03 1.281006278872333978e-03
1.818000000000000000e+03 1.268031590839339886e-03
1.819000000000000000e+03 1.255377035025743602e-03
1.820000000000000000e+03 1.243032137923793731e-03
1.821000000000000000e+03 1.230986859302406677e-03
1.822000000000000000e+03 1.219231570779562811e-03
1.823000000000000000e+03 1.207757035622912664e-03
1.824000000000000000e+03 1.196554389698751197e-03
1.825000000000000000e+03 1.185615123495307619e-03
1.826000000000000000e+03 1.174931065151627735e-03
1.827000000000000000e+03 1.164494364428247854e-03
1.828000000000000000e+03 1.154297477560344010e-03
1.829000000000000000e+03 1.144333152938260129e-03
1.830000000000000000e+03 1.134594417564102706e-03
1.831000000000000000e+03 1.125074564236704664e-03
1.832000000000000000e+03 1.115767139420467289e-03
1.833000000000000000e+03 1.106665931756693234e-03
1.834000000000000000e+03 1.097764961178755282e-03
1.835000000000000000e+03 1.089058468595096273e-03
1.836000000000000000e+03 1.080540906106421941e-03
1.837000000000000000e+03 1.072206927725684713e-03
1.838000000000000000e+03 1.064051380571514943e-03
1.839000000000000000e+03 1.056069296507680796e-03
1.840000000000000000e+03 1.048255884202909131e-03
1.841000000000000000e+03 1.040606521587078776e-03
1.842000000000000000e+03 1.033116748681301355e-03
1.843000000000000000e+03 1.025782260780844441e-03
1.844000000000000000e+03 1.018598901971177334e-03
1.845000000000000000e+03 1.011562658958636710e-03
1.846000000000000000e+03 1.004669655198376374e-03
1.847000000000000000e+03 9.979161453033229268e-04
1.848000000000000000e+03 9.912985097188479078e-04
1.849000000000000000e+03 9.848132496488217619e-04
