9.010000000000000000e+02 4.878181616485425393e-02
9.020000000000000000e+02 5.936455772932543867e-02
9.030000000000000000e+02 7.365538763490578344e-02
9.040000000000000000e+02 9.063701941165278053e-02
9.050000000000000000e+02 1.057752769660876280e-01
9.060000000000000000e+02 1.139500124129601277e-01
9.070000000000000000e+02 1.133620378720560651e-01
9.080000000000000000e+02 1.065455123423846295e-01
9.090000000000000000e+02 9.891327564751559165e-02
9.100000000000000000e+02 9.370612685042094270e-02
9.110000000000000000e+02 9.226085152448386395e-02
9.120000000000000000e+02 9.566859680485871598e-02
9.130000000000000000e+02 1.047146667164943340e-01
9.140000000000000000e+02 1.202620277333989740e-01
9.150000000000000000e+02 1.432207799041764762e-01
9.160000000000000000e+02 1.732749242663397804e-01
9.170000000000000000e+02 2.085205404161106779e-01
9.180000000000000000e+02 2.497352167099276821e-01
9.190000000000000000e+02 3.007827640434641014e-01
9.200000000000000000e+02 3.588726738404557359e-01
9.210000000000000000e+02 4.095455788090116567e-01
9.220000000000000000e+02 4.396730799934158163e-01
9.230000000000000000e+02 4.615044220766715277e-01
9.240000000000000000e+02 4.908188571325575733e-01
9.250000000000000000e+02 5.154532217920831938e-01
9.260000000000000000e+02 5.282978805655295096e-01
9.270000000000000000e+02 5.554994976305764887e-01
9.280000000000000000e+02 6.155746128966393949e-01
9.290000000000000000e+02 6.802396647891676418e-01
9.300000000000000000e+02 6.966283122277752149e-01
9.310000000000000000e+02 6.533577846935532119e-01
9.320000000000000000e+02 5.860621088912537635e-01
9.330000000000000000e+02 5.328582513671152876e-01
9.340000000000000000e+02 5.084513192453996577e-01
9.350000000000000000e+02 5.192406054302051155e-01
9.360000000000000000e+02 5.527484616453854915e-01
9.370000000000000000e+02 5.570278141236140179e-01
9.380000000000000000e+02 4.928448712369487006e-01
9.390000000000000000e+02 3.958217195956958423e-01
9.400000000000000000e+02 3.132990177568906187e-01
9.410000000000000000e+02 2.594176696221208167e-01
9.420000000000000000e+02 2.320094239387803792e-01
9.430000000000000000e+02 2.264332727108920862e-01
9.440000000000000000e+02 2.353460136680524395e-01
9.450000000000000000e+02 2.425028606675237730e-01
9.460000000000000000e+02 2.296666094779174772e-01
9.470000000000000000e+02 1.981272091870540375e-01
9.480000000000000000e+02 1.618644167245180954e-01
9.490000000000000000e+02 1.291398789911937517e-01
9.500000000000000000e+02 1.030534167716940369e-01
9.510000000000000000e+02 8.375370034016764442e-02
9.520000000000000000e+02 6.976139470826553390e-02
9.530000000000000000e+02 5.948668564140079107e-02
9.540000000000000000e+02 5.175689432328525741e-02
9.550000000000000000e+02 4.579333917755994826e-02
9.560000000000000000e+02 4.108800169235717753e-02
9.570000000000000000e+02 3.730510172632577753e-02
9.580000000000000000e+02 3.421753912248354235e-02
9.590000000000000000e+02 3.166794497451560358e-02
9.600000000000000000e+02 2.954490809100840387e-02
9.610000000000000000e+02 2.776824280182927165e-02
9.620000000000000000e+02 2.627971135268261649e-02
9.630000000000000000e+02 2.503713602658707085e-02
9.640000000000000000e+02 2.401071092687102893e-02
9.650000000000000000e+02 2.318084877285374323e-02
9.660000000000000000e+02 2.253727248392114330e-02
9.670000000000000000e+02 2.207931725371934176e-02
9.680000000000000000e+02 2.181756937314166186e-02
9.690000000000000000e+02 2.177754652431370189e-02
9.700000000000000000e+02 2.200648670323159320e-02
9.710000000000000000e+02 2.258488120677108052e-02
9.720000000000000000e+02 2.364529755506197470e-02
9.730000000000000000e+02 2.539741441851476114e-02
9.740000000000000000e+02 2.813471977490612785e-02
9.750000000000000000e+02 3.210114195433243223e-02
9.760000000000000000e+02 3.690032971218680513e-02
9.770000000000000000e+02 4.067250954974403060e-02
9.780000000000000000e+02 4.171544033807016855e-02
9.790000000000000000e+02 4.145284049254207431e-02
9.800000000000000000e+02 4.199294882584674038e-02
9.810000000000000000e+02 4.315430077350881910e-02
9.820000000000000000e+02 4.314013300574180698e-02
9.830000000000000000e+02 4.105723599025401516e-02
9.840000000000000000e+02 3.756010008800923089e-02
9.850000000000000000e+02 3.350816180506577258e-02
9.860000000000000000e+02 2.983468707623359445e-02
9.870000000000000000e+02 2.717749289882797140e-02
9.880000000000000000e+02 2.556233622170940231e-02
9.890000000000000000e+02 2.477979993146002882e-02
9.900000000000000000e+02 2.464877156607606090e-02
9.910000000000000000e+02 2.507270341407314904e-02
9.920000000000000000e+02 2.603575879012406252e-02
9.930000000000000000e+02 2.759970112729351333e-02
9.940000000000000000e+02 2.991603378846928452e-02
9.950000000000000000e+02 3.325540988636838113e-02
9.960000000000000000e+02 3.803854294519148221e-02
9.970000000000000000e+02 4.476914391349260530e-02
9.980000000000000000e+02 5.350345939519120936e-02
9.990000000000000000e+02 6.241300864642635587e-02
1.000000000000000000e+03 6.766171625906250431e-02
1.001000000000000000e+03 6.855168868967312368e-02
1.002000000000000000e+03 6.935203259698943801e-02
1.003000000000000000e+03 7.403501292870756645e-02
1.004000000000000000e+03 8.456755095442443360e-02
1.005000000000000000e+03 1.018337929161058641e-01
1.006000000000000000e+03 1.250933343849814638e-01
1.007000000000000000e+03 1.487061447636371103e-01
1.008000000000000000e+03 1.600224489927849769e-01
1.009000000000000000e+03 1.540271797052460701e-01
1.010000000000000000e+03 1.437897931195384060e-01
1.011000000000000000e+03 1.425490610295261085e-01
1.012000000000000000e+03 1.552145250621965178e-01
1.013000000000000000e+03 1.809105587427760620e-01
1.014000000000000000e+03 2.110785067878748200e-01
1.015000000000000000e+03 2.294670764259148787e-01
1.016000000000000000e+03 2.246624804910084261e-01
1.017000000000000000e+03 1.983158925018739804e-01
1.018000000000000000e+03 1.622185584976774952e-01
1.019000000000000000e+03 1.287767838664483633e-01
1.020000000000000000e+03 1.037255921932286745e-01
1.021000000000000000e+03 8.695037252778897718e-02
1.022000000000000000e+03 7.644732200722852145e-02
1.023000000000000000e+03 7.042427375261066380e-02
1.024000000000000000e+03 6.770509614549299893e-02
1.025000000000000000e+03 6.773887505082676341e-02
1.026000000000000000e+03 7.051232786323084756e-02
1.027000000000000000e+03 7.622354833549269126e-02
1.028000000000000000e+03 8.489429472266828147e-02
1.029000000000000000e+03 9.644463124200657045e-02
1.030000000000000000e+03 1.109640862893615659e-01
1.031000000000000000e+03 1.269680492590362919e-01
1.032000000000000000e+03 1.408174004817328573e-01
1.033000000000000000e+03 1.500715226359245202e-01
1.034000000000000000e+03 1.555969368510122242e-01
1.035000000000000000e+03 1.581806358097750387e-01
1.036000000000000000e+03 1.589665955317140777e-01
1.037000000000000000e+03 1.631067798486387777e-01
1.038000000000000000e+03 1.756437530049950457e-01
1.039000000000000000e+03 1.985599525666256193e-01
1.040000000000000000e+03 2.337022426937961084e-01
1.041000000000000000e+03 2.848071496099212618e-01
1.042000000000000000e+03 3.551895050450054048e-01
1.043000000000000000e+03 4.431577206516622569e-01
1.044000000000000000e+03 5.456160886704496393e-01
1.045000000000000000e+03 6.542573903250198386e-01
1.046000000000000000e+03 7.186159952775462711e-01
1.047000000000000000e+03 6.713182256806239367e-01
1.048000000000000000e+03 5.416841529846171399e-01
1.049000000000000000e+03 4.104869699588701848e-01
1.050000000000000000e+03 3.126523932462118571e-01
1.051000000000000000e+03 2.470576751750637179e-01
1.052000000000000000e+03 2.046575556772576021e-01
1.053000000000000000e+03 1.780195518293182233e-01
1.054000000000000000e+03 1.623806568470125833e-01
1.055000000000000000e+03 1.549905883703062148e-01
1.056000000000000000e+03 1.544839742875449007e-01
1.057000000000000000e+03 1.605293600311262503e-01
1.058000000000000000e+03 1.737314741599892132e-01
1.059000000000000000e+03 1.957672875539757662e-01
1.060000000000000000e+03 2.297815512500403223e-01
1.061000000000000000e+03 2.810631146891355847e-01
1.062000000000000000e+03 3.577117553972241071e-01
1.063000000000000000e+03 4.694092373263160090e-01
1.064000000000000000e+03 6.177575111049323775e-01
1.065000000000000000e+03 7.717025443073256552e-01
1.066000000000000000e+03 8.618540948963074877e-01
1.067000000000000000e+03 8.445796066006904246e-01
1.068000000000000000e+03 7.465478121629771646e-01
1.069000000000000000e+03 6.299908390127187952e-01
1.070000000000000000e+03 5.462712650941967674e-01
1.071000000000000000e+03 5.127060717777859322e-01
1.072000000000000000e+03 5.245558175726050543e-01
1.073000000000000000e+03 5.755533071932708022e-01
1.074000000000000000e+03 6.691390263698210328e-01
1.075000000000000000e+03 7.908895971705720562e-01
1.076000000000000000e+03 8.655023125079271962e-01
1.077000000000000000e+03 8.131307728586169015e-01
1.078000000000000000e+03 6.703771203066950513e-01
1.079000000000000000e+03 5.251486791315446157e-01
1.080000000000000000e+03 4.134093529597126504e-01
1.081000000000000000e+03 3.324191881983794006e-01
1.082000000000000000e+03 2.755430777614726878e-01
1.083000000000000000e+03 2.395852295586201886e-01
1.084000000000000000e+03 2.213061158349177993e-01
1.085000000000000000e+03 2.139714120911509754e-01
1.086000000000000000e+03 2.051550906331189583e-01
1.087000000000000000e+03 1.861853441060530856e-01
1.088000000000000000e+03 1.628918711203685421e-01
1.089000000000000000e+03 1.449982389540704908e-01
1.090000000000000000e+03 1.359648488695655855e-01
1.091000000000000000e+03 1.336096077352268985e-01
1.092000000000000000e+03 1.306857206910645997e-01
1.093000000000000000e+03 1.201691595803016932e-01
1.094000000000000000e+03 1.047917941025941491e-01
1.095000000000000000e+03 9.090909565147864413e-02
1.096000000000000000e+03 8.062506787542436659e-02
1.097000000000000000e+03 7.352559376149062076e-02
1.098000000000000000e+03 6.897454039949861559e-02
1.099000000000000000e+03 6.649341455172196047e-02
1.100000000000000000e+03 6.574015098037612470e-02
1.101000000000000000e+03 6.653776555710430585e-02
1.102000000000000000e+03 6.892361133656389749e-02
1.103000000000000000e+03 7.315976866639856135e-02
1.104000000000000000e+03 7.973259128280323071e-02
1.105000000000000000e+03 8.942956163312473783e-02
1.106000000000000000e+03 1.034274741925214902e-01
1.107000000000000000e+03 1.231939009383168221e-01
1.108000000000000000e+03 1.500094677284577183e-01
1.109000000000000000e+03 1.847059972999440525e-01
1.110000000000000000e+03 2.265760478952809076e-01
1.111000000000000000e+03 2.668765706146531413e-01
1.112000000000000000e+03 2.924468833684690239e-01
1.113000000000000000e+03 3.084136380401220068e-01
1.114000000000000000e+03 3.304849522101452330e-01
1.115000000000000000e+03 3.712191848023367324e-01
1.116000000000000000e+03 4.431805131305203149e-01
1.117000000000000000e+03 5.417058466939209671e-01
1.118000000000000000e+03 6.183556591357521892e-01
1.119000000000000000e+03 6.095177741849366893e-01
1.120000000000000000e+03 5.203702711350395305e-01
1.121000000000000000e+03 4.054995146723659460e-01
1.122000000000000000e+03 3.065064067400848913e-01
1.123000000000000000e+03 2.356228130947027322e-01
1.124000000000000000e+03 1.889002777979446601e-01
1.125000000000000000e+03 1.598468159733462124e-01
1.126000000000000000e+03 1.439250636662004756e-01
1.127000000000000000e+03 1.388390837055224203e-01
1.128000000000000000e+03 1.436120136733287922e-01
1.129000000000000000e+03 1.562896043570944915e-01
1.130000000000000000e+03 1.697944769422243816e-01
1.131000000000000000e+03 1.731728050099991811e-01
1.132000000000000000e+03 1.643376393960477300e-01
1.133000000000000000e+03 1.523283508231658978e-01
1.134000000000000000e+03 1.472900896105284185e-01
1.135000000000000000e+03 1.540983781708430700e-01
1.136000000000000000e+03 1.702693010627430725e-01
1.137000000000000000e+03 1.824726728838581558e-01
1.138000000000000000e+03 1.736655085990835012e-01
1.139000000000000000e+03 1.461223749480523304e-01
1.140000000000000000e+03 1.163444708483911683e-01
1.141000000000000000e+03 9.333655978243557416e-02
1.142000000000000000e+03 7.769739490622701306e-02
1.143000000000000000e+03 6.767406823261508386e-02
1.144000000000000000e+03 6.170875899315746843e-02
1.145000000000000000e+03 5.886661669380345574e-02
1.146000000000000000e+03 5.876286031182409442e-02
1.147000000000000000e+03 6.146064729251246583e-02
1.148000000000000000e+03 6.733510653092293630e-02
1.149000000000000000e+03 7.658100214424677643e-02
1.150000000000000000e+03 8.798702301254826552e-02
1.151000000000000000e+03 9.896284660496242058e-02
1.152000000000000000e+03 1.101388248391180352e-01
1.153000000000000000e+03 1.257972455209321883e-01
1.154000000000000000e+03 1.470815579799375494e-01
1.155000000000000000e+03 1.723574743115204311e-01
1.156000000000000000e+03 2.030371456659002538e-01
1.157000000000000000e+03 2.360538779094156214e-01
1.158000000000000000e+03 2.504655927935470761e-01
1.159000000000000000e+03 2.267945601777877629e-01
1.160000000000000000e+03 1.796496544371668780e-01
1.161000000000000000e+03 1.345896179738181320e-01
1.162000000000000000e+03 1.010814157773593652e-01
1.163000000000000000e+03 7.800978375040398816e-02
1.164000000000000000e+03 6.224140718403006756e-02
1.165000000000000000e+03 5.128568588403680656e-02
1.166000000000000000e+03 4.350991843335681036e-02
1.167000000000000000e+03 3.789202500019318159e-02
1.168000000000000000e+03 3.379595753555371396e-02
1.169000000000000000e+03 3.082702258898098804e-02
1.170000000000000000e+03 2.874739658264050673e-02
1.171000000000000000e+03 2.743052607758575748e-02
1.172000000000000000e+03 2.684170022878249601e-02
1.173000000000000000e+03 2.703947801380454999e-02
1.174000000000000000e+03 2.819733714724318233e-02
1.175000000000000000e+03 3.064219754212939295e-02
1.176000000000000000e+03 3.487117696527518990e-02
1.177000000000000000e+03 4.135375482931571284e-02
1.178000000000000000e+03 4.959415788853694523e-02
1.179000000000000000e+03 5.650847486280773796e-02
1.180000000000000000e+03 5.757873742322266314e-02
1.181000000000000000e+03 5.215085054630677619e-02
1.182000000000000000e+03 4.448416606379580751e-02
1.183000000000000000e+03 3.858651738562243055e-02
1.184000000000000000e+03 3.568519415252111721e-02
1.185000000000000000e+03 3.532196262374037721e-02
1.186000000000000000e+03 3.585018565932512891e-02
1.187000000000000000e+03 3.501126236986319001e-02
1.188000000000000000e+03 3.241566196657503368e-02
1.189000000000000000e+03 2.967655703468623923e-02
1.190000000000000000e+03 2.744431374870249726e-02
1.191000000000000000e+03 2.501925667154941343e-02
1.192000000000000000e+03 2.209547009488184791e-02
1.193000000000000000e+03 1.917612720404309259e-02
1.194000000000000000e+03 1.675957931668595191e-02
1.195000000000000000e+03 1.495513958436538865e-02
1.196000000000000000e+03 1.364807370299386292e-02
1.197000000000000000e+03 1.269507548251714961e-02
1.198000000000000000e+03 1.198803332438452135e-02
1.199000000000000000e+03 1.145504045759001416e-02
1.200000000000000000e+03 1.104952497479573525e-02
1.201000000000000000e+03 1.074119439095024692e-02
1.202000000000000000e+03 1.051016556436989990e-02
1.203000000000000000e+03 1.034339559362326168e-02
1.204000000000000000e+03 1.023255288804986521e-02
1.205000000000000000e+03 1.017277484969158173e-02
1.206000000000000000e+03 1.016199542258364868e-02
1.207000000000000000e+03 1.020067791773171875e-02
1.208000000000000000e+03 1.029188956922705463e-02
1.209000000000000000e+03 1.044173478606305432e-02
1.210000000000000000e+03 1.066024968105154860e-02
1.211000000000000000e+03 1.096297784084931254e-02
1.212000000000000000e+03 1.137362769723048242e-02
1.213000000000000000e+03 1.192847351671043853e-02
1.214000000000000000e+03 1.268338204049687494e-02
1.215000000000000000e+03 1.372363850781442053e-02
1.216000000000000000e+03 1.517110862603915887e-02
1.217000000000000000e+03 1.716138788537098850e-02
1.218000000000000000e+03 1.973501628925381293e-02
1.219000000000000000e+03 2.274528815530853926e-02
1.220000000000000000e+03 2.613719862289195020e-02
1.221000000000000000e+03 3.002559460012405729e-02
1.222000000000000000e+03 3.402592408889524439e-02
1.223000000000000000e+03 3.628591156699101372e-02
1.224000000000000000e+03 3.486264737690256826e-02
1.225000000000000000e+03 3.131167438051770530e-02
1.226000000000000000e+03 2.844448003692585936e-02
1.227000000000000000e+03 2.739644437139802241e-02
1.228000000000000000e+03 2.819351487176400065e-02
1.229000000000000000e+03 3.036032791647585993e-02
1.230000000000000000e+03 3.300630991700451156e-02
1.231000000000000000e+03 3.551538358132492329e-02
1.232000000000000000e+03 3.739783974059356086e-02
1.233000000000000000e+03 3.803943293177112356e-02
1.234000000000000000e+03 3.866431890752115158e-02
1.235000000000000000e+03 4.135869059358952132e-02
1.236000000000000000e+03 4.692440317628902846e-02
1.237000000000000000e+03 5.393456996510226364e-02
1.238000000000000000e+03 5.833566967037741996e-02
1.239000000000000000e+03 5.682394407555813737e-02
1.240000000000000000e+03 5.084765984906473163e-02
1.241000000000000000e+03 4.467379309630972739e-02
1.242000000000000000e+03 4.097326479836067153e-02
1.243000000000000000e+03 4.031756826490005829e-02
1.244000000000000000e+03 4.262841727488014126e-02
1.245000000000000000e+03 4.765010803158284403e-02
1.246000000000000000e+03 5.411153779381683293e-02
1.247000000000000000e+03 5.872300300125839201e-02
1.248000000000000000e+03 5.893662846006450517e-02
1.249000000000000000e+03 5.654937564371869535e-02
1.250000000000000000e+03 5.487863146708612389e-02
1.251000000000000000e+03 5.494260123177804878e-02
1.252000000000000000e+03 5.632976050914810517e-02
1.253000000000000000e+03 5.954489721806928426e-02
1.254000000000000000e+03 6.621126085681007523e-02
1.255000000000000000e+03 7.720574186241148384e-02
1.256000000000000000e+03 9.063400290468075216e-02
1.257000000000000000e+03 1.019235777286222333e-01
1.258000000000000000e+03 1.105523888353622392e-01
1.259000000000000000e+03 1.213695251437305334e-01
1.260000000000000000e+03 1.340425116368821057e-01
1.261000000000000000e+03 1.409586725473810642e-01
1.262000000000000000e+03 1.364202676748154930e-01
1.263000000000000000e+03 1.232855867789781484e-01
1.264000000000000000e+03 1.094693551590274205e-01
1.265000000000000000e+03 9.806644734381179951e-02
1.266000000000000000e+03 8.830758061301093031e-02
1.267000000000000000e+03 8.040302691797517054e-02
1.268000000000000000e+03 7.608382245471199956e-02
1.269000000000000000e+03 7.653496113283073110e-02
1.270000000000000000e+03 8.235883945785918425e-02
1.271000000000000000e+03 9.415840167577801956e-02
1.272000000000000000e+03 1.112384085298638997e-01
1.273000000000000000e+03 1.277303427348838727e-01
1.274000000000000000e+03 1.333903681882511738e-01
1.275000000000000000e+03 1.278212996526147116e-01
1.276000000000000000e+03 1.217111795706950772e-01
1.277000000000000000e+03 1.222735405418149124e-01
1.278000000000000000e+03 1.303748828731880194e-01
1.279000000000000000e+03 1.426753660480036823e-01
1.280000000000000000e+03 1.540265971279816959e-01
1.281000000000000000e+03 1.631706175213294141e-01
1.282000000000000000e+03 1.731579220960947629e-01
1.283000000000000000e+03 1.897274339449382119e-01
1.284000000000000000e+03 2.208586091881886149e-01
1.285000000000000000e+03 2.743218391262525202e-01
1.286000000000000000e+03 3.536692369596764474e-01
1.287000000000000000e+03 4.461700393050531122e-01
1.288000000000000000e+03 5.111719293356082883e-01
1.289000000000000000e+03 5.085439310013049052e-01
1.290000000000000000e+03 4.456751556202869224e-01
1.291000000000000000e+03 3.683688397666321501e-01
1.292000000000000000e+03 3.052581291793581286e-01
1.293000000000000000e+03 2.548327085431716377e-01
1.294000000000000000e+03 2.094393077556400695e-01
1.295000000000000000e+03 1.705993717558368372e-01
1.296000000000000000e+03 1.418367499000900145e-01
1.297000000000000000e+03 1.227089606690435208e-01
1.298000000000000000e+03 1.111255471071688622e-01
1.299000000000000000e+03 1.053416226434969183e-01
1.300000000000000000e+03 1.043015402323036189e-01
1.301000000000000000e+03 1.074177576950954005e-01
1.302000000000000000e+03 1.144845990539185981e-01
1.303000000000000000e+03 1.258645557280287652e-01
1.304000000000000000e+03 1.421546508486529747e-01
1.305000000000000000e+03 1.649266954462595136e-01
1.306000000000000000e+03 1.984563755646135685e-01
1.307000000000000000e+03 2.482050766093641392e-01
1.308000000000000000e+03 3.156750743085004474e-01
1.309000000000000000e+03 3.867676580749611626e-01
1.310000000000000000e+03 4.282106764619916239e-01
1.311000000000000000e+03 4.285992202963849751e-01
1.312000000000000000e+03 4.230934873910918159e-01
1.313000000000000000e+03 4.463441283138724902e-01
1.314000000000000000e+03 5.034495666583529427e-01
1.315000000000000000e+03 5.732326943575369871e-01
1.316000000000000000e+03 6.305411865517370762e-01
1.317000000000000000e+03 6.692675567263312031e-01
1.318000000000000000e+03 6.855697200754500287e-01
1.319000000000000000e+03 6.713922496113121641e-01
1.320000000000000000e+03 6.160315711549988471e-01
1.321000000000000000e+03 5.198900727042419234e-01
1.322000000000000000e+03 4.180289006665333096e-01
1.323000000000000000e+03 3.320560863288259390e-01
1.324000000000000000e+03 2.610167635696586386e-01
1.325000000000000000e+03 2.048504720731421092e-01
1.326000000000000000e+03 1.638617336232963684e-01
1.327000000000000000e+03 1.354050420160589907e-01
1.328000000000000000e+03 1.160657400883376433e-01
1.329000000000000000e+03 1.027910241404094011e-01
1.330000000000000000e+03 9.321673321948376056e-02
1.331000000000000000e+03 8.606409778319468185e-02
1.332000000000000000e+03 8.026555379170836890e-02
1.333000000000000000e+03 7.475134790653027717e-02
1.334000000000000000e+03 6.924801667299042285e-02
1.335000000000000000e+03 6.439554057271024146e-02
1.336000000000000000e+03 6.076762444555193488e-02
1.337000000000000000e+03 5.799479306735542961e-02
1.338000000000000000e+03 5.582983997310455443e-02
1.339000000000000000e+03 5.457382416316058221e-02
1.340000000000000000e+03 5.439851990261317105e-02
1.341000000000000000e+03 5.551735786865247269e-02
1.342000000000000000e+03 5.730632070627485891e-02
1.343000000000000000e+03 5.803362233033184520e-02
1.344000000000000000e+03 5.686401089248944302e-02
1.345000000000000000e+03 5.502700486903096266e-02
1.346000000000000000e+03 5.406638104391570804e-02
1.347000000000000000e+03 5.437909444629714789e-02
1.348000000000000000e+03 5.612115026592315314e-02
1.349000000000000000e+03 5.903693916291978538e-02
1.350000000000000000e+03 6.135440285837374247e-02
1.351000000000000000e+03 6.230803887255392109e-02
1.352000000000000000e+03 6.396681455085313772e-02
1.353000000000000000e+03 6.695945121734267480e-02
1.354000000000000000e+03 6.849423259081881266e-02
1.355000000000000000e+03 6.725810240097718218e-02
1.356000000000000000e+03 6.650087799047268988e-02
1.357000000000000000e+03 6.882835757089451889e-02
1.358000000000000000e+03 7.298352472679323077e-02
1.359000000000000000e+03 7.534889488837301363e-02
1.360000000000000000e+03 7.560728128192266417e-02
1.361000000000000000e+03 7.753131833395139616e-02
1.362000000000000000e+03 8.287534598263117391e-02
1.363000000000000000e+03 8.829253789926332086e-02
1.364000000000000000e+03 8.878423172889045312e-02
1.365000000000000000e+03 8.537325131486250829e-02
1.366000000000000000e+03 8.214473939752525711e-02
1.367000000000000000e+03 8.152235686812643600e-02
1.368000000000000000e+03 8.519302150966630294e-02
1.369000000000000000e+03 9.340972110591574951e-02
1.370000000000000000e+03 1.042447146665430729e-01
1.371000000000000000e+03 1.134783298474337093e-01
1.372000000000000000e+03 1.176132314423467690e-01
1.373000000000000000e+03 1.169336238562392882e-01
1.374000000000000000e+03 1.168367751115702707e-01
1.375000000000000000e+03 1.230639549440087216e-01
1.376000000000000000e+03 1.366441373192952558e-01
1.377000000000000000e+03 1.541591751872394278e-01
1.378000000000000000e+03 1.711586946087624017e-01
1.379000000000000000e+03 1.822382640226895556e-01
1.380000000000000000e+03 1.824184339926078757e-01
1.381000000000000000e+03 1.785211837197793472e-01
1.382000000000000000e+03 1.827873819576198433e-01
1.383000000000000000e+03 1.996825612849411624e-01
1.384000000000000000e+03 2.191922665204480425e-01
1.385000000000000000e+03 2.184172981734762986e-01
1.386000000000000000e+03 1.903646557200280587e-01
1.387000000000000000e+03 1.542831973595018002e-01
1.388000000000000000e+03 1.256061259635758709e-01
1.389000000000000000e+03 1.072921494387183705e-01
1.390000000000000000e+03 9.705703432064360925e-02
1.391000000000000000e+03 9.130258360417303765e-02
1.392000000000000000e+03 8.775098151741142494e-02
1.393000000000000000e+03 8.692454718481887332e-02
1.394000000000000000e+03 8.971153297371779745e-02
1.395000000000000000e+03 9.556084122667343750e-02
1.396000000000000000e+03 1.029725004117163778e-01
1.397000000000000000e+03 1.114177115770615262e-01
1.398000000000000000e+03 1.222077507088943638e-01
1.399000000000000000e+03 1.353545963369327809e-01
1.400000000000000000e+03 1.469652003954724229e-01
1.401000000000000000e+03 1.533689022387994816e-01
1.402000000000000000e+03 1.581372321042789075e-01
1.403000000000000000e+03 1.649431305380827661e-01
1.404000000000000000e+03 1.718350959290783353e-01
1.405000000000000000e+03 1.795379715948144383e-01
1.406000000000000000e+03 1.919448133794409705e-01
1.407000000000000000e+03 2.116557662868022160e-01
1.408000000000000000e+03 2.428981541307919656e-01
1.409000000000000000e+03 2.888128834639351328e-01
1.410000000000000000e+03 3.441367658806610552e-01
1.411000000000000000e+03 3.958092269666469987e-01
1.412000000000000000e+03 4.320856699788429567e-01
1.413000000000000000e+03 4.528955862585724024e-01
1.414000000000000000e+03 4.562206716247263483e-01
1.415000000000000000e+03 4.363639766072918147e-01
1.416000000000000000e+03 4.011200083637628810e-01
1.417000000000000000e+03 3.554281493884443033e-01
1.418000000000000000e+03 2.997200731770723325e-01
1.419000000000000000e+03 2.462831648545642238e-01
1.420000000000000000e+03 2.050701618554098271e-01
1.421000000000000000e+03 1.771330852158516378e-01
1.422000000000000000e+03 1.609678649011499763e-01
1.423000000000000000e+03 1.549533253284512690e-01
1.424000000000000000e+03 1.579982006939289474e-01
1.425000000000000000e+03 1.698761037421286646e-01
1.426000000000000000e+03 1.914972148258957951e-01
1.427000000000000000e+03 2.257150027454910834e-01
1.428000000000000000e+03 2.780223713425966081e-01
1.429000000000000000e+03 3.571685753772005922e-01
1.430000000000000000e+03 4.736513534165670003e-01
1.431000000000000000e+03 6.279304547791950686e-01
1.432000000000000000e+03 7.798170334170153595e-01
1.433000000000000000e+03 8.413290193291418362e-01
1.434000000000000000e+03 7.730108017514756291e-01
1.435000000000000000e+03 6.351987233492826235e-01
1.436000000000000000e+03 4.923862546233330195e-01
1.437000000000000000e+03 3.706411553500503220e-01
1.438000000000000000e+03 2.782664435094672206e-01
1.439000000000000000e+03 2.129133011310266055e-01
1.440000000000000000e+03 1.674976701363884157e-01
1.441000000000000000e+03 1.355854134617303919e-01
1.442000000000000000e+03 1.127008675768348123e-01
1.443000000000000000e+03 9.596300259138149102e-02
1.444000000000000000e+03 8.354666233035749900e-02
1.445000000000000000e+03 7.429872041758769918e-02
1.446000000000000000e+03 6.750584855052854660e-02
1.447000000000000000e+03 6.276580011212848365e-02
1.448000000000000000e+03 5.991962998620917191e-02
1.449000000000000000e+03 5.898360541092865367e-02
1.450000000000000000e+03 5.991667914844150955e-02
1.451000000000000000e+03 6.198368339393262039e-02
1.452000000000000000e+03 6.340401968065355331e-02
1.453000000000000000e+03 6.304631567604351838e-02
1.454000000000000000e+03 6.198458515378324485e-02
1.455000000000000000e+03 6.184846855833687346e-02
1.456000000000000000e+03 6.236027810982175401e-02
1.457000000000000000e+03 6.106501984583288106e-02
1.458000000000000000e+03 5.655016089695550502e-02
1.459000000000000000e+03 5.065272294989372343e-02
1.460000000000000000e+03 4.562038632170534874e-02
1.461000000000000000e+03 4.214391604835614896e-02
1.462000000000000000e+03 4.003035117084539213e-02
1.463000000000000000e+03 3.894834055321393790e-02
1.464000000000000000e+03 3.865443672962808747e-02
1.465000000000000000e+03 3.900744776567377503e-02
1.466000000000000000e+03 3.994404109702197336e-02
1.467000000000000000e+03 4.145953680594543361e-02
1.468000000000000000e+03 4.359945603026253724e-02
1.469000000000000000e+03 4.646090803215345566e-02
1.470000000000000000e+03 5.020375585983299221e-02
1.471000000000000000e+03 5.507394698568662816e-02
1.472000000000000000e+03 6.144488484137215767e-02
1.473000000000000000e+03 6.988786260740045830e-02
1.474000000000000000e+03 8.128919183517166469e-02
1.475000000000000000e+03 9.703424387666760575e-02
1.476000000000000000e+03 1.192478900112117490e-01
1.477000000000000000e+03 1.509264718726064936e-01
1.478000000000000000e+03 1.953122067508358539e-01
1.479000000000000000e+03 2.522937903504690049e-01
1.480000000000000000e+03 3.091753417805579995e-01
1.481000000000000000e+03 3.407294411189027983e-01
1.482000000000000000e+03 3.352086118975306506e-01
1.483000000000000000e+03 3.032617483958904292e-01
1.484000000000000000e+03 2.657696775576740555e-01
1.485000000000000000e+03 2.380860929815847293e-01
1.486000000000000000e+03 2.257165253729175869e-01
1.487000000000000000e+03 2.288225393042824796e-01
1.488000000000000000e+03 2.446251450658267490e-01
1.489000000000000000e+03 2.705111497496324735e-01
1.490000000000000000e+03 3.094040162106475589e-01
1.491000000000000000e+03 3.670566390049049277e-01
1.492000000000000000e+03 4.440590209523628262e-01
1.493000000000000000e+03 5.340129079241575649e-01
1.494000000000000000e+03 6.268647129313497102e-01
1.495000000000000000e+03 7.237843358877965594e-01
1.496000000000000000e+03 8.328507735622635577e-01
1.497000000000000000e+03 9.385422045466841334e-01
1.498000000000000000e+03 1.000000000000000000e+00
1.499000000000000000e+03 9.842375057774955804e-01
1.500000000000000000e+03 8.945752559800620451e-01
1.501000000000000000e+03 7.662532844695815193e-01
1.502000000000000000e+03 6.372116043698623500e-01
1.503000000000000000e+03 5.206911062106512889e-01
1.504000000000000000e+03 4.186857647852508246e-01
1.505000000000000000e+03 3.317763847685322731e-01
1.506000000000000000e+03 2.600601707745862079e-01
1.507000000000000000e+03 2.041629182708738222e-01
1.508000000000000000e+03 1.625821134519719879e-01
1.509000000000000000e+03 1.321196484593587517e-01
1.510000000000000000e+03 1.095783390808044433e-01
1.511000000000000000e+03 9.254598691147722378e-02
1.512000000000000000e+03 7.938026307586182329e-02
1.513000000000000000e+03 6.898649770392814573e-02
1.514000000000000000e+03 6.062716612437225872e-02
1.515000000000000000e+03 5.379463843236938908e-02
1.516000000000000000e+03 4.813116909166212376e-02
1.517000000000000000e+03 4.337890869802298738e-02
1.518000000000000000e+03 3.934817121938403300e-02
1.519000000000000000e+03 3.589678932500450781e-02
1.520000000000000000e+03 3.291638582028558885e-02
1.521000000000000000e+03 3.032307995412518442e-02
1.522000000000000000e+03 2.805111768958964968e-02
1.523000000000000000e+03 2.604834592582504216e-02
1.524000000000000000e+03 2.427291287713731482e-02
1.525000000000000000e+03 2.269089061740962171e-02
1.526000000000000000e+03 2.127453116996932264e-02
1.527000000000000000e+03 2.000095508145524614e-02
1.528000000000000000e+03 1.885115340883778204e-02
1.529000000000000000e+03 1.780922133251333292e-02
1.530000000000000000e+03 1.686176412308332956e-02
1.531000000000000000e+03 1.599743244010334506e-02
1.532000000000000000e+03 1.520655561542830214e-02
1.533000000000000000e+03 1.448084988605598776e-02
1.534000000000000000e+03 1.381318448137667382e-02
1.535000000000000000e+03 1.319739275229817911e-02
1.536000000000000000e+03 1.262811864882014759e-02
1.537000000000000000e+03 1.210069114736053025e-02
1.538000000000000000e+03 1.161102093365614860e-02
1.539000000000000000e+03 1.115551492467099261e-02
1.540000000000000000e+03 1.073100517874718725e-02
1.541000000000000000e+03 1.033468947918615016e-02
1.542000000000000000e+03 9.964081441495355532e-03
1.543000000000000000e+03 9.616968431466218700e-03
1.544000000000000000e+03 9.291375921391901299e-03
1.545000000000000000e+03 8.985537178225311283e-03
1.546000000000000000e+03 8.697867387532960334e-03
1.547000000000000000e+03 8.426941483626776072e-03
1.548000000000000000e+03 8.171475088999123268e-03
1.549000000000000000e+03 7.930308072553354445e-03
1.550000000000000000e+03 7.702390321779870909e-03
1.551000000000000000e+03 7.486769393336666079e-03
1.552000000000000000e+03 7.282579762830025671e-03
1.553000000000000000e+03 7.089033440583070687e-03
1.554000000000000000e+03 6.905411757883855688e-03
1.555000000000000000e+03 6.731058159238148542e-03
1.556000000000000000e+03 6.565371861793481596e-03
1.557000000000000000e+03 6.407802264365690566e-03
1.558000000000000000e+03 6.257844006196834966e-03
1.559000000000000000e+03 6.115032590352821595e-03
1.560000000000000000e+03 5.978940499052160136e-03
1.561000000000000000e+03 5.849173738625737876e-03
1.562000000000000000e+03 5.725368760582582803e-03
1.563000000000000000e+03 5.607189712677196174e-03
1.564000000000000000e+03 5.494325980166488328e-03
1.565000000000000000e+03 5.386489982795450437e-03
1.566000000000000000e+03 5.283415197613172860e-03
1.567000000000000000e+03 5.184854381621110606e-03
1.568000000000000000e+03 5.090577971597965053e-03
1.569000000000000000e+03 5.000372641317181108e-03
1.570000000000000000e+03 4.914039998845758095e-03
1.571000000000000000e+03 4.831395408747337673e-03
1.572000000000000000e+03 4.752266925858891940e-03
1.573000000000000000e+03 4.676494328910789020e-03
1.574000000000000000e+03 4.603928243650735191e-03
1.575000000000000000e+03 4.534429346342710998e-03
1.576000000000000000e+03 4.467867639568191308e-03
1.577000000000000000e+03 4.404121793180362961e-03
1.578000000000000000e+03 4.343078544070604757e-03
1.579000000000000000e+03 4.284632149116443176e-03
1.580000000000000000e+03 4.228683886304210153e-03
1.581000000000000000e+03 4.175141599569723999e-03
1.582000000000000000e+03 4.123919283385647609e-03
1.583000000000000000e+03 4.074936703553897789e-03
1.584000000000000000e+03 4.028119051041995427e-03
1.585000000000000000e+03 3.983396626040612738e-03
1.586000000000000000e+03 3.940704549720524044e-03
1.587000000000000000e+03 3.899982501435956313e-03
1.588000000000000000e+03 3.861174479361508590e-03
1.589000000000000000e+03 3.824228582765463319e-03
1.590000000000000000e+03 3.789096814316022643e-03
1.591000000000000000e+03 3.755734900991951342e-03
1.592000000000000000e+03 3.724102132327318342e-03
1.593000000000000000e+03 3.694161214863883255e-03
1.594000000000000000e+03 3.665878141815882840e-03
1.595000000000000000e+03 3.639222077072207674e-03
1.596000000000000000e+03 3.614165252771836361e-03
1.597000000000000000e+03 3.590682879791059438e-03
1.598000000000000000e+03 3.568753070576859924e-03
1.599000000000000000e+03 3.548356773850810594e-03
1.600000000000000000e+03 3.529477720793075882e-03
1.601000000000000000e+03 3.512102382397552444e-03
1.602000000000000000e+03 3.496219937767566788e-03
1.603000000000000000e+03 3.481822253198014073e-03
1.604000000000000000e+03 3.468903871964865940e-03
1.605000000000000000e+03 3.457462014817709248e-03
1.606000000000000000e+03 3.447496591245909851e-03
1.607000000000000000e+03 3.439010221665231900e-03
1.608000000000000000e+03 3.432008270749903681e-03
1.609000000000000000e+03 3.426498892216124376e-03
1.610000000000000000e+03 3.422493085447903070e-03
1.611000000000000000e+03 3.420004764445651671e-03
1.612000000000000000e+03 3.419050839673475582e-03
1.613000000000000000e+03 3.419651313483454587e-03
1.614000000000000000e+03 3.421829389906031436e-03
1.615000000000000000e+03 3.425611599715934312e-03
1.616000000000000000e+03 3.431027941814919144e-03
1.617000000000000000e+03 3.438112042117343579e-03
1.618000000000000000e+03 3.446901331284580108e-03
1.619000000000000000e+03 3.457437242831649590e-03
1.620000000000000000e+03 3.469765433326907865e-03
1.621000000000000000e+03 3.483936026626127929e-03
1.622000000000000000e+03 3.500003884329359535e-03
1.623000000000000000e+03 3.518028904926541554e-03
1.624000000000000000e+03 3.538076354410505525e-03
1.625000000000000000e+03 3.560217231489136522e-03
1.626000000000000000e+03 3.584528670928268691e-03
1.627000000000000000e+03 3.611094389010434998e-03
1.628000000000000000e+03 3.640005175610494872e-03
1.629000000000000000e+03 3.671359437977053403e-03
1.630000000000000000e+03 3.705263801980039542e-03
1.631000000000000000e+03 3.741833777353468019e-03
1.632000000000000000e+03 3.781194494343948029e-03
1.633000000000000000e+03 3.823481520189026938e-03
1.634000000000000000e+03 3.868841765016973414e-03
1.635000000000000000e+03 3.917434488107608172e-03
1.636000000000000000e+03 3.969432417013780447e-03
1.637000000000000000e+03 4.025022993852201553e-03
1.638000000000000000e+03 4.084409765175790567e-03
1.639000000000000000e+03 4.147813934290602543e-03
1.640000000000000000e+03 4.215476097743876480e-03
1.641000000000000000e+03 4.287658191063076565e-03
1.642000000000000000e+03 4.364645672763494549e-03
1.643000000000000000e+03 4.446749980278011383e-03
1.644000000000000000e+03 4.534311296936113789e-03
1.645000000000000000e+03 4.627701675599827508e-03
1.646000000000000000e+03 4.727328572260061645e-03
1.647000000000000000e+03 4.833638852063635270e-03
1.648000000000000000e+03 4.947123341194652711e-03
1.649000000000000000e+03 5.068322011165425460e-03
1.650000000000000000e+03 5.197829897867901720e-03
1.651000000000000000e+03 5.336303876804797744e-03
1.652000000000000000e+03 5.484470439022180559e-03
1.653000000000000000e+03 5.643134640362706608e-03
1.654000000000000000e+03 5.813190430965957563e-03
1.655000000000000000e+03 5.995632614005181639e-03
1.656000000000000000e+03 6.191570734442194968e-03
1.657000000000000000e+03 6.402245262641373044e-03
1.658000000000000000e+03 6.629046517284530732e-03
1.659000000000000000e+03 6.873536871424870166e-03
1.660000000000000000e+03 7.137476910266279256e-03
1.661000000000000000e+03 7.422856366656236868e-03
1.662000000000000000e+03 7.731930859994435613e-03
1.663000000000000000e+03 8.067265719144798078e-03
1.664000000000000000e+03 8.431788497239075392e-03
1.665000000000000000e+03 8.828852209265774728e-03
1.666000000000000000e+03 9.262311873751292307e-03
1.667000000000000000e+03 9.736617661162324036e-03
1.668000000000000000e+03 1.025692890409292055e-02
1.669000000000000000e+03 1.082925449191200068e-02
1.670000000000000000e+03 1.146062687383532681e-02
1.671000000000000000e+03 1.215931919805384766e-02
1.672000000000000000e+03 1.293511826331242807e-02
1.673000000000000000e+03 1.379967030627692569e-02
1.674000000000000000e+03 1.476692271286718199e-02
1.675000000000000000e+03 1.585369329898832572e-02
1.676000000000000000e+03 1.708041102527808192e-02
1.677000000000000000e+03 1.847208968228090248e-02
1.678000000000000000e+03 2.005962198926633175e-02
1.679000000000000000e+03 2.188152008290451811e-02
1.680000000000000000e+03 2.398628657604840245e-02
1.681000000000000000e+03 2.643568974094463384e-02
1.682000000000000000e+03 2.930935602622283462e-02
1.683000000000000000e+03 3.271131541259798825e-02
1.684000000000000000e+03 3.677949588872402725e-02
1.685000000000000000e+03 4.169976075328701154e-02
1.686000000000000000e+03 4.772709206611269045e-02
1.687000000000000000e+03 5.521826344184809637e-02
1.688000000000000000e+03 6.468339430853949079e-02
1.689000000000000000e+03 7.686917266793721892e-02
1.690000000000000000e+03 9.289601172910688653e-02
1.691000000000000000e+03 1.144872436729743037e-01
1.692000000000000000e+03 1.443503085402617070e-01
1.693000000000000000e+03 1.867760522672810841e-01
1.694000000000000000e+03 2.483803240006206559e-01
1.695000000000000000e+03 3.380303504972846373e-01
1.696000000000000000e+03 4.616036658924256852e-01
1.697000000000000000e+03 6.018879065553132124e-01
1.698000000000000000e+03 6.953826750445394334e-01
1.699000000000000000e+03 6.807758221302832036e-01
1.700000000000000000e+03 5.865632762776459286e-01
1.701000000000000000e+03 4.918633452222459512e-01
1.702000000000000000e+03 4.398356701234238941e-01
1.703000000000000000e+03 4.299343267012687986e-01
1.704000000000000000e+03 4.332263259439539937e-01
1.705000000000000000e+03 4.157822802615770974e-01
1.706000000000000000e+03 3.779532347765979794e-01
1.707000000000000000e+03 3.324513957602137082e-01
1.708000000000000000e+03 2.830817896769741160e-01
1.709000000000000000e+03 2.412369933176218562e-01
1.710000000000000000e+03 2.137432884853792958e-01
1.711000000000000000e+03 1.939529023027102561e-01
1.712000000000000000e+03 1.706869647821027958e-01
1.713000000000000000e+03 1.411827178095561297e-01
1.714000000000000000e+03 1.123608912146724093e-01
1.715000000000000000e+03 8.952132937375527344e-02
1.716000000000000000e+03 7.284033246263241224e-02
1.717000000000000000e+03 6.047391541751436644e-02
1.718000000000000000e+03 5.084830003267221815e-02
1.719000000000000000e+03 4.325456402520094779e-02
1.720000000000000000e+03 3.729187400231365190e-02
1.721000000000000000e+03 3.257665871834430210e-02
1.722000000000000000e+03 2.878748188024438451e-02
1.723000000000000000e+03 2.568844819099754331e-02
1.724000000000000000e+03 2.311296802530191791e-02
1.725000000000000000e+03 2.094282034933925632e-02
1.726000000000000000e+03 1.909249915915550017e-02
1.727000000000000000e+03 1.749879944031509579e-02
1.728000000000000000e+03 1.611402367228625260e-02
1.729000000000000000e+03 1.490150155616318424e-02
1.730000000000000000e+03 1.383257431222774392e-02
1.731000000000000000e+03 1.288451877814664887e-02
1.732000000000000000e+03 1.203908715807835463e-02
1.733000000000000000e+03 1.128145911681192534e-02
1.734000000000000000e+03 1.059947604489311704e-02
1.735000000000000000e+03 9.983072313812273862e-03
1.736000000000000000e+03 9.423846594174093219e-03
1.737000000000000000e+03 8.914734432594099978e-03
1.738000000000000000e+03 8.449755149402981072e-03
1.739000000000000000e+03 8.023814041215562853e-03
1.740000000000000000e+03 7.632546257375672459e-03
1.741000000000000000e+03 7.272192441194556822e-03
1.742000000000000000e+03 6.939498839167967427e-03
1.743000000000000000e+03 6.631636440944958279e-03
1.744000000000000000e+03 6.346135054003874433e-03
1.745000000000000000e+03 6.080829196035562184e-03
1.746000000000000000e+03 5.833813410760453622e-03
1.747000000000000000e+03 5.603405151989026937e-03
1.748000000000000000e+03 5.388113786741829600e-03
1.749000000000000000e+03 5.186614576795102981e-03
1.750000000000000000e+03 4.997726734487801387e-03
1.751000000000000000e+03 4.820394831290195081e-03
1.752000000000000000e+03 4.653672979784772602e-03
1.753000000000000000e+03 4.496711321106296524e-03
1.754000000000000000e+03 4.348744437757956494e-03
1.755000000000000000e+03 4.209081381464409473e-03
1.756000000000000000e+03 4.077097061404250621e-03
1.757000000000000000e+03 3.952224782867061817e-03
1.758000000000000000e+03 3.833949762457626240e-03
1.759000000000000000e+03 3.721803475232607697e-03
1.760000000000000000e+03 3.615358713003098343e-03
1.761000000000000000e+03 3.514225252560307031e-03
1.762000000000000000e+03 3.418046048634463315e-03
1.763000000000000000e+03 3.326493879650468596e-03
1.764000000000000000e+03 3.239268385329304063e-03
1.765000000000000000e+03 3.156093444324299582e-03
1.766000000000000000e+03 3.076714847713538179e-03
1.767000000000000000e+03 3.000898230564867653e-03
1.768000000000000000e+03 2.928427229166596663e-03
1.769000000000000000e+03 2.859101836051562359e-03
1.770000000000000000e+03 2.792736928778641325e-03
1.771000000000000000e+03 2.729160951690944806e-03
1.772000000000000000e+03 2.668214732639920869e-03
1.773000000000000000e+03 2.609750419028095732e-03
1.774000000000000000e+03 2.553630519545294682e-03
1.775000000000000000e+03 2.499727039707602422e-03
1.776000000000000000e+03 2.447920700799611615e-03
1.777000000000000000e+03 2.398100233105938863e-03
1.778000000000000000e+03 2.350161735428399085e-03
1.779000000000000000e+03 2.304008093846685382e-03
1.780000000000000000e+03 2.259548453514655195e-03
1.781000000000000000e+03 2.216697738009762789e-03
1.782000000000000000e+03 2.175376211385156473e-03
1.783000000000000000e+03 2.135509078625832252e-03
1.784000000000000000e+03 2.097026120692787026e-03
1.785000000000000000e+03 2.059861360762124671e-03
1.786000000000000000e+03 2.023952758637337281e-03
1.787000000000000000e+03 1.989241930639507397e-03
1.788000000000000000e+03 1.955673892567865325e-03
1.789000000000000000e+03 1.923196823576937180e-03
1.790000000000000000e+03 1.891761849040863924e-03
1.791000000000000000e+03 1.861322840674068876e-03
1.792000000000000000e+03 1.831836232353488327e-03
1.793000000000000000e+03 1.803260850243939596e-03
1.794000000000000000e+03 1.775557755967158537e-03
1.795000000000000000e+03 1.748690101678838319e-03
1.796000000000000000e+03 1.722622996028361827e-03
1.797000000000000000e+03 1.697323380074436264e-03
1.798000000000000000e+03 1.672759912317971611e-03
1.799000000000000000e+03 1.648902862092378871e-03
1.800000000000000000e+03 1.625724010622184171e-03
1.801000000000000000e+03 1.603196559124263473e-03
1.802000000000000000e+03 1.581295043383020623e-03
1.803000000000000000e+03 1.559995254282102537e-03
1.804000000000000000e+03 1.539274163821404556e-03
1.805000000000000000e+03 1.519109856189772767e-03
1.806000000000000000e+03 1.499481463501362282e-03
1.807000000000000000e+03 1.480369105837580496e-03
1.808000000000000000e+03 1.461753835267224407e-03
1.809000000000000000e+03 1.443617583545258893e-03
1.810000000000000000e+03 1.425943113215842996e-03
1.811000000000000000e+03 1.408713971868102077e-03
1.812000000000000000e+03 1.391914449313877292e-03
1.813000000000000000e+03 1.375529537475572847e-03
1.814000000000000000e+03 1.359544892789377006e-03
1.815000000000000000e+03 1.343946800944757726e-03
1.816000000000000000e+03 1.328722143795396009e-03
1.817000000000000000e+03 1.313858368289713176e-03
1.818000000000000000e+03 1.299343457280995734e-03
1.819000000000000000e+03 1.285165902087994803e-03
1.820000000000000000e+03 1.271314676686763215e-03
1.821000000000000000e+03 1.257779213423585764e-03
1.822000000000000000e+03 1.244549380147176934e-03
1.823000000000000000e+03 1.231615458665904659e-03
1.824000000000000000e+03 1.218968124442845963e-03
1.825000000000000000e+03 1.206598427447850902e-03
1.826000000000000000e+03 1.194497774091703808e-03
1.827000000000000000e+03 1.182657910172907464e-03
1.828000000000000000e+03 1.171070904772578657e-03
1.829000000000000000e+03 1.159729135037555758e-03
1.830000000000000000e+03 1.148625271796047597e-03
1.831000000000000000e+03 1.137752265954044498e-03
1.832000000000000000e+03 1.127103335624326901e-03
1.833000000000000000e+03 1.116671953943222011e-03
1.834000000000000000e+03 1.106451837533328113e-03
1.835000000000000000e+03 1.096436935573271744e-03
1.836000000000000000e+03 1.086621419438182174e-03
1.837000000000000000e+03 1.076999672876994283e-03
1.838000000000000000e+03 1.067566282694954946e-03
1.839000000000000000e+03 1.058316029911778901e-03
1.840000000000000000e+03 1.049243881367835753e-03
1.841000000000000000e+03 1.040344981752551771e-03
1.842000000000000000e+03 1.031614646030871085e-03
1.843000000000000000e+03 1.023048352245155279e-03
1.844000000000000000e+03 1.014641734671363179e-03
1.845000000000000000e+03 1.006390577309657346e-03
1.846000000000000000e+03 9.982908076908586243e-04
1.847000000000000000e+03 9.903384909812967471e-04
1.848000000000000000e+03 9.825298243697109472e-04
1.849000000000000000e+03 9.748611317208287323e-04
