0.2952164763061618 1457.5454170065454 4.909508978881577 0 0.04050522946043217
0.7188792051047969 1450.7427099999966 19.999999999998128 0 0.6952379469385143
0.24583110663409716 1396.0242139689221 16.22789093295674 0 0.9989107026050819
0.4523687274155354 1375.6564711893598 10.635145733188283 0 0.999012296882597
0.15669874939918235 1348.5899029061707 6.344584481433999 0 0.8159013165358985
0.0910945875001942 1341.2915147916688 19.99999964034315 0 0.9999798374838986
0.029260193605161935 1323.6732641734504 19.93747281069562 0 0.9439641144040195
0.06717093479926672 1306.7151247267816 13.054801578357687 0 0.9589190174792189
0.4259012948131576 1285.5816220718941 18.661090816560506 0 0.009246769974550206
0.24976032439258697 1253.8472647527014 19.836902489767926 0 0.9993184052004285
0.04734279241248068 1232.685551255007 9.46669772834388 0 0.9999426221118868
0.01435954109648423 1227.3540377277245 4.38091690080876 0 0.058937881096086664
0.06902524421094056 1219.405526315055 19.999999999956028 0 0.999789221721416
0.03088135922325381 1163.148679861456 15.150713511932024 0 0.917506472924574
0.19874958144594876 1130.6175605443884 8.833896734198557 0 0.4117807918355073
0.1406232448955246 1116.6484378134946 11.646966699856208 0 5.589951127177306e-05
0.4001780578733056 1094.7166053120077 9.289837918829845 0 0.9312075950205254
0.27072147674509717 1069.9189103120018 15.048544876137907 0 0.999999169974106
0.5886766898609274 1050.995219401673 7.600309444499796 0 0.0635180558733775
0.21863928167033925 1041.4307061037937 19.987915334558355 0 0.7229197506378546
0.9047168229703724 1025.4287133420862 9.447829521914155 0 0.2287736749624083
0.26736731450203005 1006.5756200000003 19.99824869420012 0 0.0001652317815281079
