0.14620199353665325 1014.5876119171247 10.116894304322443 0 0.9660573154794888
0.08556260591525397 1031.2198621152265 6.6641709348638045 0 0.21793871048094338
0.13281773971003638 1045.958883527901 6.9401033247443396 0 0.9976697034766326
0.19580564870528291 1065.9806290088993 6.404391635829814 0 0.6638445244777087
0.1455728568493243 1076.8234231073534 9.252694539454405 0 0.9768574814480064
0.03145260282472703 1117.208767401097 10.524013694010174 0 0.7072997750835756
0.04732136534045919 1136.800767367037 9.588112239276974 0 0.9202598280252594
0.15551297174399942 1156.5216379650685 9.194005457240989 0 0.46954380141844243
0.1851874230646742 1186.9283888847658 7.566996660985523 0 0.9396617044453501
0.007486145835436659 1222.9062182573334 6.713893289543908 0 0.3570038810014472
0.18775653369827733 1258.478915655429 12.13070871185499 0 0.5420887093072404
0.0390453419700626 1279.9709698916351 19.338224153458306 0 0.6064653343243342
0.09451915897458645 1289.3118262388336 7.65323476600361 0 0.5492307379105439
0.04532828432995179 1309.3180713130805 4.478245865875219 0 0.6823546476599588
0.14269988863378585 1315.9770943103106 13.196379896239305 0 0.9362064819029399
0.0550275466311624 1333.219583046754 5.393495624517759 0 0.05026395395562372
0.04422299545971092 1344.567729882423 16.58443411677961 0 0.8419161158930462
0.27483282327502523 1379.9277349410443 12.076406067175329 0 0.998565912711766
0.14928570397469476 1384.9522819536576 5.052940691924265 0 0.999484042672689
0.07863937440086693 1402.1327333627185 19.526256292479122 0 0.896376995952068
0.07785981645052856 1413.44504561122 7.120639675126548 0 0.41398994062870575
0.12142092468709646 1433.3359280594163 7.448575652034022 0 0.21406921742939972
0.6358696557451443 1455.5842540756132 9.274155613792754 0 0.4804870340443984
0.32120539998459186 1481.9359012120979 9.04764368127949 0 0.9541344293764152
0.6559221647961286 1501.0755077267845 10.17345227661968 0 0.5927687119256628
0.9087025366931168 1699.3307445547712 10.099072792520307 0 0.9944629165883646
