0.1879248655203994 1022.4117408190215 19.99760990952568 0 0.9659575562830975
0.36765728251229 1052.0168409269197 13.390445431994763 0 0.9924919290926761
0.04171724176268978 1096.0182332606014 8.44594736034953 0 0.70152742284852
0.46074775455129957 1129.2761408807235 16.581291684327866 0 0.875502260885801
0.33104972939877625 1167.9701110974372 15.236408823175651 0 0.026166625030407564
0.2978433658321595 1233.9576440269468 18.9397695557375 0 0.3257012597133508
0.17848338209464146 1263.1478291750639 19.950255488408757 0 1.0
0.22706981544099195 1288.8284923522515 19.29059986050997 0 0.5746357137808487
0.10576338604334423 1306.9791477693552 14.006011615460734 0 0.18516285830926854
0.5597620016639837 1350.3795504990048 17.267856779814633 0 0.9969064858122098
0.22605784991806424 1377.4377456137333 19.974145734978023 0 0.9998676269446805
0.5155766478933437 1403.7891936676842 19.621722866039008 0 0.9955712223937601
0.5386977778466382 1441.0343836450077 15.727020816336504 0 0.9527068012601936
0.9209176333748236 1459.2223216747575 15.134569728441415 0 0.7385848682411444
