0.12185511185789145 1029.1621614259172 17.183815766040855 0 0.9034356745579677
0.7854635815488231 1041.2473793601332 7.6266004105949605 0 0.49028842365175157
0.19032881161544107 1060.9999779738316 18.213038300787144 0 0.9997690671043966
0.5826930399079715 1069.9922341280412 6.059206066062728 0 0.9985967887084908
0.1566139594186168 1081.9229836426243 10.495115060013427 0 0.0013720344718340383
0.34132415899234547 1094.301994401309 6.709928743088406 0 0.9999844319397404
0.9223663152758628 1102.1538640047822 6.064619368649645 0 0.9996851275304581
0.020819603002671078 1128.6261354083124 12.6783682644508 0 0.2303757457801322
0.2630932554132091 1130.0704217601872 12.10309103776936 0 0.3653989902602134
0.04604927976089061 1146.0245809261467 6.076273778756826 0 1.9043950943986587e-07
0.2169051864111345 1155.155956632208 7.046894359973199 0 0.9814550630077972
0.01169716451385437 1172.1849241181608 6.200938062915492 0 0.481563303432342
0.043050648905134485 1197.14626527279 6.188609111322535 0 0.994647764302288
0.07599075608582524 1205.004277542172 6.854865681446185 0 0.9995100516315778
0.00011595940506876624 1214.2224186540768 19.556893645315593 0 0.9015813715595205
0.009648405872599242 1224.999496976604 15.967048838989356 0 0.9002364252950925
0.04442204099206618 1233.9975356066516 19.953793379750206 0 0.9999412880469637
0.34467079561201075 1261.0965010945954 9.365721795357839 0 0.9984476866330891
0.42910454117504954 1287.0912560964716 6.680912530303843 0 0.9415591036847879
0.1591670071512726 1295.3230789004524 6.277217547930053 0 0.05402322606630294
0.1420147844849597 1307.8650188006195 6.447919824075187 0 0.9959615259612408
0.07472858574136794 1321.435569264942 14.750895364402634 0 0.6887870996146606
0.323412001861241 1335.3395689534934 8.55256428432521 0 0.9984557758110169
0.08037471282568752 1352.0892231852245 6.2775537647147415 0 0.007192538998247344
0.12192794783819708 1364.021460060066 9.227384604555668 0 0.9986538099190868
0.13346431673288284 1376.1703958598562 7.541006086022432 0 0.8492452163595419
0.2205411064972104 1389.0414729643774 7.1795961985172525 0 0.9945201114349322
0.07521537098928117 1396.0918550175506 6.253891633197536 0 0.9902237403905049
0.5208175803914112 1416.2601848232903 11.237436631608192 0 0.9992114491982517
0.16027398819482222 1427.4415006656368 5.055653374000871 0 0.7596205624085045
0.569297538959562 1434.709102880643 6.753590056218847 0 0.808197220542838
0.03198931738221372 1452.932084273934 8.573345158724383 0 0.6054889221297611
0.23084629176869462 1482.2324972685385 10.013420221504585 0 0.6347918407802273
0.4263020727761785 1497.4511590591042 19.749381423292814 0 0.1371798191574718
0.2593651633241097 1506.999833431765 13.05245071491176 0 0.6326941007070609
0.3394685882652456 1697.9667338351412 4.787051473993821 0 0.9992977500842046
0.4745962779750414 1704.9603395931624 13.407279551903736 0 0.4783456153019465
