0.10396576029483198 1007.3081803206393 5.773912276761841 0 0.994287848694252
0.1895066210786311 1015.3883458487684 9.116884021097137 0 0.9997143356732667
0.6606519000173958 1045.7523231255884 7.726226895007126 0 0.9922895391377142
0.7257779559367278 1066.1647076893717 6.380284855264975 0 0.6506725354001736
0.7636554254866653 1076.1516021999198 8.265375006280918 0 0.999978158296247
0.5657948864553897 1117.8855868783753 9.541864327724932 0 0.9999395879808723
0.04850526727245935 1129.8399691449208 2.854847367192975 0 0.0005925031119520252
0.12147054364145145 1136.1760423169208 9.184092786158896 0 0.03620296641646442
0.22864517023129488 1157.3937947166455 8.054197942666942 0 0.9997725723680861
0.03760388124731328 1179.627332386866 6.526888528889578 0 0.0005918921386917075
0.01948848675363068 1187.999541593292 8.91280378821849 0 0.000919944018381802
0.020860484040826938 1223.065200739074 8.039502210838977 0 0.8479050884922698
0.0315819622292729 1236.973131956066 10.700207850011076 0 0.5863442380522841
0.02118183002087437 1247.1240388941358 5.061182156378131 0 0.9979785212118926
0.11182586080392755 1260.9003992638984 13.39540942409646 0 0.9943533352122763
0.1062391060445202 1274.3968184016815 1.872563311503738 0 0.506428867691441
0.47608840408837133 1288.5266476144627 8.234663107323641 0 0.9997366794254948
0.2645054455414866 1309.6694975696284 6.125772851382819 0 0.9192074974351754
0.6482275442445364 1318.0012028047724 9.524932779222516 0 0.5860409108894986
0.0227773559708851 1341.091756610903 19.999947183017355 0 0.8238030575717303
0.02671803158677015 1353.7602030146304 5.30505240163864 0 0.45444678861274845
0.020383026754642722 1362.0346274024535 7.254524774094959 0 0.06960659787521689
0.07739594863730231 1373.7694938429413 18.208223233763643 0 0.9999923766308279
0.06185663246913052 1381.669821959165 2.0995521406089344 0 0.9998192988950456
0.1227724248393966 1384.4153318447438 11.880385002785971 0 0.9870799792366305
0.4274597821706203 1413.2415089015462 11.501190664635908 0 0.9998651100610522
0.7893741876485613 1433.1235196301375 6.685374544068811 0 0.7124755972037962
0.02347689104735314 1453.4614205816208 8.156866576303795 0 0.6898063314373276
0.004116651046657344 1454.9241554628293 13.195566711464714 0 0.010438212577035921
0.28090385434392023 1481.502291325993 7.518811199927077 0 0.9280555834159872
0.9649400687268388 1498.1083800957276 10.397033207979835 0 0.6061518295469873
0.5771640931825499 1698.102568325447 5.915936813964097 0 0.9809615948077697
0.30752848129677557 1705.1945515613743 11.74122091962672 0 0.6221312181663
