0.014674010675033046 1004.0212545520287 8.47654933727185 0 0.311437919253563
0.26031936809169826 1028.310250985032 7.932665301503471 0 0.9998707374355826
0.9839439828367003 1050.1046104495376 8.798832468998441 0 0.9999999969694155
0.40738421131687635 1067.8337673910805 7.367210528785875 0 0.18182394322059547
0.6218297057441344 1079.4352798048776 7.04297329450719 0 0.9388301924672569
0.6110746545109471 1116.0000186696477 14.880795322817443 0 0.5444245392879865
0.05837185439610754 1149.0270787270538 7.6522708980092276 0 0.07846345285369427
0.042672766791373676 1159.128790812279 19.802607953039583 0 7.97679987262212e-05
0.07360951319960779 1173.156936429228 7.219528513814831 0 0.005796865697971443
0.02901236352647553 1191.7634862562124 16.771563902954053 0 0.025053712899929526
0.012553868636609029 1197.4742295650829 3.5808287232234153 0 0.05426753535099271
0.11356347208472559 1236.5176735139833 14.686696130684888 0 0.2673819565784147
0.19810949718310616 1251.962652456845 6.0726495928716355 0 0.4836074357535301
0.20973437833902764 1260.2529622234183 10.342205168854862 0 0.9999806781438285
0.3200626837665134 1278.947164733738 10.400728524859224 0 0.9999999872607783
0.029908235873910574 1295.0861351756355 9.460871412082724 0 0.9132533570722989
0.021156443147138618 1304.2373553602597 6.336487186911404 0 0.9890345309882651
0.07455449343264427 1311.9828100304353 6.676284707543626 0 0.29248672159133615
0.08108522726017355 1321.7942507520074 6.552285461648724 0 0.35316331184798055
0.10511665200942334 1328.171310791791 6.877376032654846 0 0.9837184301051595
0.04400080945119026 1344.3006832327164 8.843562094697404 0 0.5811759831526961
0.0678771219049871 1366.7698732473166 14.484107522372152 0 0.999772978227748
0.15869402806481 1379.958472434404 11.907762713564544 0 9.00512240237239e-06
0.3278776225336195 1401.2775945034548 10.940066129283714 0 0.935882830065727
0.2666794991621936 1412.8157000355632 7.458061191875865 0 0.29824979184329947
0.7723575651280598 1428.5609963469792 10.278826831541725 0 0.8740027404670742
0.02880978298556203 1453.3986589998995 6.690786596070285 0 0.01192266142533066
0.18804331409895797 1480.7790467999616 7.415796052347472 0 0.8611561037590467
0.6555621936840219 1497.5698756360093 16.023894325167937 0 0.4307579416376061
0.31364610833149703 1512.6564304960075 6.315581253996923 0 0.8247861131777598
0.22558842513990038 1686.6399854100325 5.9539560324194625 0 0.6667725088480712
0.4605183815458086 1703.6480636542706 8.599092827513756 0 0.926097421828262
