0.04113944753269612 1008.5857634388001 7.52994889728484 0 0.7990587324046193
0.15608642913401213 1022.2432774852992 6.193348615405041 0 0.9998804552914013
1.0116467570104095 1045.39406168022 6.380379571876158 0 0.999260528513114
0.01640460021148268 1069.4780169244139 6.962263779021975 0 0.03336961808951894
0.14153275513956057 1085.5798694645393 6.254478755270939 0 0.9994852427023821
0.1837814056462275 1104.6986319196803 6.171291285230922 0 0.9997475306305598
0.451792396214201 1139.1196441631746 6.606640961276876 0 0.9578295958221112
0.14778581188267323 1155.776859581363 6.218528481898198 0 0.924310848096249
0.016272531033514517 1183.0165936846922 7.263432750275119 0 0.8713402920245781
0.05561241913090005 1202.7347564724885 6.337489489212525 0 0.969053321575301
0.5012795455088588 1244.0577729228512 6.624271813489467 0 0.9982227973062457
0.6083900645000193 1256.2600006563212 6.593843719493179 0 0.8224819138202852
0.3253962756413379 1264.9890077263585 6.486410779026477 0 0.9993919532065665
0.030705192763902253 1289.6857872985422 6.3008229050925175 0 0.9849195965893385
0.10521365625197648 1314.4887539320896 6.2312941103544155 0 0.999619065618879
0.34929170593614683 1339.5937493315494 7.085273901426336 0 0.8224244112735164
0.003640479187603052 1349.0688042520994 1.0016802021849838 0 0.9639581509504862
0.0765561604813671 1353.8119847637843 11.437425811018624 0 0.5878775895462469
0.4414846231142701 1372.7563225475762 6.157516421214618 0 0.9657842247973971
0.12563200981144954 1387.3253540274761 7.585607590629385 0 0.6994701099861633
0.09734377177360146 1404.5394953074806 7.094490959228313 0 0.9942164526212358
0.36839794937904463 1415.3094803801987 7.298886140374777 0 0.7259447898054532
0.832121930687667 1425.9075801904653 6.7261028938416985 0 0.8901996364067034
0.02486608663478958 1453.2093521414263 7.0698103457067925 0 0.9999988274231247
0.32746983919999656 1482.0572261966443 7.156361087242263 0 0.991390586493321
0.5021314715587417 1494.2397612688856 8.137753028709017 0 0.035616906010239424
0.5442503366239987 1500.819453901327 7.178337644961284 0 0.999100759550281
0.9064408257068742 1701.5157280301148 6.136815207933894 0 0.9975099873854951
