0.0633378586599852 1008.685788158887 6.454068131873055 0 0.9820855830252746
0.11000903824444785 1022.2122520297414 6.192445691178179 0 0.9403942495051208
0.18984088446785755 1043.647786932754 9.265846873032208 0 0.5797924114387538
0.010394580005984939 1069.3650322425224 6.262466056298316 0 0.22634996324483686
0.14033197928112054 1085.6087505886233 6.185883270990363 0 0.9816607267980502
0.12606547250915257 1104.7162047386203 6.107240551849902 0 0.9996029822241448
0.03166170451175823 1139.0699342845762 6.716836927501858 0 0.9893207671485675
0.21869645739481183 1155.7072114393675 6.226174730315803 0 0.9608473120840403
0.0027322583587922945 1182.8314666528988 6.146076927659889 0 0.8824487033690886
0.17520199571121303 1202.7385239639357 6.331069389018235 0 0.956570308148015
0.08440423061455396 1244.0717121789623 6.5382057987355156 0 0.9742819153716984
0.10222746410718068 1256.1408385290968 6.3967133644380425 0 0.8512902671572936
0.19173812399854787 1264.941566101052 6.468788365533717 0 0.8133586612927314
0.20391692717299312 1289.7901594257107 6.3575929707106855 0 0.9764040998163139
0.35739732059020557 1314.5385387046917 6.128804203510635 0 0.9828318315952749
0.040326601729304745 1338.897423101984 5.466352545301452 0 0.7197580971600072
0.09531570378051768 1351.4325635494815 11.58217572332686 0 0.7715155771707889
0.06914379889752155 1372.8686505320775 6.380707087161815 0 0.8470531663209109
0.14906060115393613 1387.3255123589556 7.706308266317608 0 0.7843280858526243
0.1078008363435574 1404.5070632996556 6.955792239322861 0 0.9671168960528209
0.15755406486288287 1414.6316168456933 7.855935460918134 0 0.24330693028318656
0.06667085303120086 1425.7146775566578 7.598252890251347 0 0.9360293836405373
0.7828804767642348 1453.2286622914016 6.825789400569931 0 0.8471043645390812
0.35942295896614346 1481.6302383507598 6.562593268095107 0 0.9706713640959131
0.62430736311569 1500.6903638831575 8.364809483202686 0 0.7987469160477494
1.0265258071545365 1701.5195015479867 6.107441400647672 0 0.9979416242051162
