0.12062059558660267 1027.7728440172214 10.04122332599452 0 0.9996311501310418
0.16432493378421528 1050.0462838824358 8.700024740261952 0 0.988451423984744
0.12663564703156463 1068.7663014750237 9.676952400646902 0 0.28308771895259477
0.25485924645421437 1079.1508595206703 7.712890510753719 0 0.7470981916668455
0.12441339695924078 1113.4871998609524 18.070657185805874 0 0.7996575521607636
0.12448700638146407 1148.8217311360759 10.228630591193285 0 0.6887637644819044
0.018391968661583498 1161.8420062776904 6.837672329540258 0 0.0011568075704041503
0.029500399106128873 1173.5480964568198 9.415300304683273 0 0.0011063961477536521
0.0818369212183762 1189.839512943266 6.643225964582113 0 0.8317687951425181
0.07888083997983919 1197.1281300765602 5.710074517032918 0 0.8848428063129852
0.11015158685662084 1238.28858519478 15.78229227223328 0 0.42783354043815786
0.10621352629986422 1252.0089532412978 4.9486638760127875 0 0.19842541368140754
0.12007886026215882 1260.1612247020262 10.85863736465356 0 0.9719741308002519
0.00326199453210963 1267.3926663147665 1.5496784590747743 0 2.4206157920481086e-05
0.13483868523338724 1274.4604785633353 11.533952071024489 0 0.48543843810003995
0.08123743834478504 1280.528605662502 7.126257002947323 0 0.08212637810203471
0.07060587850868126 1289.0412211332987 16.386806071760642 0 0.9712171785503947
0.3182100091385421 1311.0860929246828 9.309463057640693 0 0.982628583732274
0.17607667239960223 1327.964420012857 8.44567143839539 0 0.8073926328601556
0.160590291453474 1343.9337422461656 8.95291037076703 0 0.6466541201638603
0.13619759274890275 1361.1269774498055 7.205957994940063 0 0.9815259392027668
0.4330123117699156 1379.5181919842428 12.519124300112688 0 0.29521364910533976
0.13280531353354796 1396.835873482112 7.891466085455221 0 0.9968036311113609
0.07815024812399994 1403.0786920381215 6.576802757265727 0 0.2343776178220242
0.1653113182808872 1411.704604821225 8.881008963567787 0 0.2057508396493667
0.14208754594716613 1428.024611608903 13.410291885712581 0 0.9900626439231588
0.917728612403336 1454.640987475052 9.721206313716126 0 0.468898816042959
0.3596096367347514 1480.3927325786217 6.022629219433006 0 0.7329806860828523
0.32312015324419346 1489.6689770027415 13.518575322103674 0 0.9999947737622024
0.8669048591891274 1500.699979509707 9.370214254620334 0 0.38304029838872855
0.3818060023906674 1512.1656734878993 7.462816937342363 0 0.791041054665039
0.638356262161925 1686.668582851007 5.953045148774208 0 0.8108941901409491
0.8802842747394426 1703.624981537104 8.599415394471999 0 0.9084202272291162
