0.12749986916648037 1026.6686040087725 8.821660996453655 0 0.9381140101678453
0.15536350385383366 1041.3806080042123 7.655016375567826 0 0.9997363798539647
0.04642856217714175 1058.433036098455 7.427271901175529 0 0.26188608517036194
0.13922448752631042 1069.8910769044553 10.57627948230026 0 0.998760616738483
0.10659804032991366 1081.419302019758 7.066713003650873 0 0.43089853877471956
0.026198289274970456 1094.8068761438517 17.198550179770795 0 0.9831836266784464
0.07749370147403276 1102.3344321689663 5.4928948233414765 0 0.6499525194763607
0.05612447156696971 1130.5758501322807 10.235846684628427 0 0.9996808701301544
0.1364282048900706 1154.3552885973372 8.26067672578068 0 0.9999073183798621
0.18377019772998837 1196.8364708321249 6.883643865256934 0 0.894302057567276
0.02382558316679005 1214.9916882399652 7.718482457659855 0 0.2205100131188908
0.12843502161303463 1231.7537788593324 6.7324507178053485 0 0.8802234068031614
0.051663624909503436 1252.763375386715 19.1507966470943 0 0.995998348679753
0.08414675409367472 1254.9679520620427 15.528346724443079 0 0.11050737224088902
0.21504285365917122 1286.9336208644816 6.616700499380077 0 0.9999294802610349
0.14068005662942748 1295.2653365825408 6.235054024496176 0 0.9982951521076074
0.08443753821020615 1308.1084141357558 5.580396904616649 0 0.8854075751797943
0.1347988445919744 1318.1851636408787 7.686916659412539 0 0.9583996676090547
0.11618053948674978 1328.0110654846467 16.214132305649628 0 0.9934485761627
0.03898445713919041 1353.2414778988034 8.026949396964959 0 0.024716034642860152
0.14629274412226614 1365.2534786246908 9.252791443429585 0 0.010174949428743862
0.2530869236196179 1375.7550343788344 8.360945346454367 0 0.7878341856222618
0.04560865743447871 1390.5618008423457 13.615468156190193 0 0.05724071508230011
0.05988192658370417 1395.8092819853296 3.8809353909001714 0 0.07527275239132619
0.10669271703801922 1407.6702063306104 19.894050081877733 0 0.9999564936450053
0.02682392210839936 1416.3530414821516 6.210885118511738 0 0.9659966957608244
0.12471003727438015 1434.6919049095509 8.18053834406535 0 0.9434001963166878
0.905964752942757 1454.0314408319357 8.654431968828305 0 0.6815337219875062
0.6568392859391873 1486.718087405441 14.773220395431434 0 0.26683650892641375
0.3915740481153645 1501.3861546739172 8.53268202791207 0 2.1601074026988965e-05
0.20263871302186345 1511.264046068649 9.168019584098372 0 0.9222564935984681
0.7458104023408417 1698.1127042463422 5.460037594557926 0 0.9970001824028413
0.6157829015080334 1705.6804870091355 13.465788644149157 0 0.43689608506327815
