9.010000000000000000e+02 4.478682497323618894e-02
9.020000000000000000e+02 5.889942579484170465e-02
9.030000000000000000e+02 7.776973509516126037e-02
9.040000000000000000e+02 1.002981996731302922e-01
9.050000000000000000e+02 1.188308382586040213e-01
9.060000000000000000e+02 1.207107048121021792e-01
9.070000000000000000e+02 1.046162517232662875e-01
9.080000000000000000e+02 8.229143513649601893e-02
9.090000000000000000e+02 6.299945353054250963e-02
9.100000000000000000e+02 4.914385714287534956e-02
9.110000000000000000e+02 4.002044973215757029e-02
9.120000000000000000e+02 3.440611005608031764e-02
9.130000000000000000e+02 3.134322691422530838e-02
9.140000000000000000e+02 3.017635980099848611e-02
9.150000000000000000e+02 3.034926115550886511e-02
9.160000000000000000e+02 3.143641462412610083e-02
9.170000000000000000e+02 3.353114213856128734e-02
9.180000000000000000e+02 3.715909274424460812e-02
9.190000000000000000e+02 4.241545019863184746e-02
9.200000000000000000e+02 4.822367098092149307e-02
9.210000000000000000e+02 5.342787250906238378e-02
9.220000000000000000e+02 5.896265205975165236e-02
9.230000000000000000e+02 6.701716998634917044e-02
9.240000000000000000e+02 7.754792101917970526e-02
9.250000000000000000e+02 8.825240780801078821e-02
9.260000000000000000e+02 9.980366450414523971e-02
9.270000000000000000e+02 1.133740501999678796e-01
9.280000000000000000e+02 1.214260983763837121e-01
9.290000000000000000e+02 1.145710282910687022e-01
9.300000000000000000e+02 9.726298986430594040e-02
9.310000000000000000e+02 8.025104804005414594e-02
9.320000000000000000e+02 6.890224266424554989e-02
9.330000000000000000e+02 6.291158242000577383e-02
9.340000000000000000e+02 5.889808311750992231e-02
9.350000000000000000e+02 5.342866255252071150e-02
9.360000000000000000e+02 4.633882518733406508e-02
9.370000000000000000e+02 3.960520820788645396e-02
9.380000000000000000e+02 3.429819301562445077e-02
9.390000000000000000e+02 3.072261426807605667e-02
9.400000000000000000e+02 2.891055940955796280e-02
9.410000000000000000e+02 2.878497363039650078e-02
9.420000000000000000e+02 3.040279990808943469e-02
9.430000000000000000e+02 3.409079414090741139e-02
9.440000000000000000e+02 4.044436104215787947e-02
9.450000000000000000e+02 4.991984256953778398e-02
9.460000000000000000e+02 6.120090002130317008e-02
9.470000000000000000e+02 6.911198999530977771e-02
9.480000000000000000e+02 6.919009241669160648e-02
9.490000000000000000e+02 6.513409000274893168e-02
9.500000000000000000e+02 6.243044124333840122e-02
9.510000000000000000e+02 6.156016040979341020e-02
9.520000000000000000e+02 5.988261000301427911e-02
9.530000000000000000e+02 5.517674340549008627e-02
9.540000000000000000e+02 4.787707150822265861e-02
9.550000000000000000e+02 4.068780877335016061e-02
9.560000000000000000e+02 3.493910995931406860e-02
9.570000000000000000e+02 3.040951708763198202e-02
9.580000000000000000e+02 2.673357779789737113e-02
9.590000000000000000e+02 2.375239863162916659e-02
9.600000000000000000e+02 2.145089074117380659e-02
9.610000000000000000e+02 1.985035758326460231e-02
9.620000000000000000e+02 1.889426175117329271e-02
9.630000000000000000e+02 1.847438042190312560e-02
9.640000000000000000e+02 1.850160047194958010e-02
9.650000000000000000e+02 1.893004543007536372e-02
9.660000000000000000e+02 1.975632683820847252e-02
9.670000000000000000e+02 2.101462881819720491e-02
9.680000000000000000e+02 2.276585799341605126e-02
9.690000000000000000e+02 2.507028379196741055e-02
9.700000000000000000e+02 2.797840438805991592e-02
9.710000000000000000e+02 3.161017048254585737e-02
9.720000000000000000e+02 3.624058398849504259e-02
9.730000000000000000e+02 4.238191945668400712e-02
9.740000000000000000e+02 5.090199434981153293e-02
9.750000000000000000e+02 6.306004562825741344e-02
9.760000000000000000e+02 8.044027617975962885e-02
9.770000000000000000e+02 1.040562025338481467e-01
9.780000000000000000e+02 1.316549501287971602e-01
9.790000000000000000e+02 1.571873676015890786e-01
9.800000000000000000e+02 1.794037450385383148e-01
9.810000000000000000e+02 2.029879217488249066e-01
9.820000000000000000e+02 2.216105972966714299e-01
9.830000000000000000e+02 2.177096224960769488e-01
9.840000000000000000e+02 1.915619336158846941e-01
9.850000000000000000e+02 1.623555546426733720e-01
9.860000000000000000e+02 1.426041674760778200e-01
9.870000000000000000e+02 1.351483327363480202e-01
9.880000000000000000e+02 1.391301142567711591e-01
9.890000000000000000e+02 1.508435079296275572e-01
9.900000000000000000e+02 1.629275361440887249e-01
9.910000000000000000e+02 1.637983438181095930e-01
9.920000000000000000e+02 1.489068730421646281e-01
9.930000000000000000e+02 1.275153337911970886e-01
9.940000000000000000e+02 1.094762422026728105e-01
9.950000000000000000e+02 9.954389216713940836e-02
9.960000000000000000e+02 9.852828211220826526e-02
9.970000000000000000e+02 1.047696014080231053e-01
9.980000000000000000e+02 1.141059665116328919e-01
9.990000000000000000e+02 1.217887540780844824e-01
1.000000000000000000e+03 1.261650036246851903e-01
1.001000000000000000e+03 1.242443451437402341e-01
1.002000000000000000e+03 1.115351784431067583e-01
1.003000000000000000e+03 9.158156075717127642e-02
1.004000000000000000e+03 7.244666842001237783e-02
1.005000000000000000e+03 5.805357028097570676e-02
1.006000000000000000e+03 4.822859936901504468e-02
1.007000000000000000e+03 4.170739076691164920e-02
1.008000000000000000e+03 3.738270473738899285e-02
1.009000000000000000e+03 3.439332234856480597e-02
1.010000000000000000e+03 3.202492678589032721e-02
1.011000000000000000e+03 2.985028325261203028e-02
1.012000000000000000e+03 2.789057298362446549e-02
1.013000000000000000e+03 2.647313206050670026e-02
1.014000000000000000e+03 2.580264103902587050e-02
1.015000000000000000e+03 2.590176567633630661e-02
1.016000000000000000e+03 2.677489452333718656e-02
1.017000000000000000e+03 2.849963252515251219e-02
1.018000000000000000e+03 3.126833711378219915e-02
1.019000000000000000e+03 3.543589817965606126e-02
1.020000000000000000e+03 4.159881989234726768e-02
1.021000000000000000e+03 5.070098948495628532e-02
1.022000000000000000e+03 6.404843894707949736e-02
1.023000000000000000e+03 8.268392059207735345e-02
1.024000000000000000e+03 1.048867688611416216e-01
1.025000000000000000e+03 1.233861269683545203e-01
1.026000000000000000e+03 1.320200189197782703e-01
1.027000000000000000e+03 1.341083343067992761e-01
1.028000000000000000e+03 1.311181106852691569e-01
1.029000000000000000e+03 1.190677873905173212e-01
1.030000000000000000e+03 1.013100308968825081e-01
1.031000000000000000e+03 8.526115302290926401e-02
1.032000000000000000e+03 7.446708792405222488e-02
1.033000000000000000e+03 6.944834265161217712e-02
1.034000000000000000e+03 6.974765755657290345e-02
1.035000000000000000e+03 7.477203806646080808e-02
1.036000000000000000e+03 8.448734672514866817e-02
1.037000000000000000e+03 9.853579619957224256e-02
1.038000000000000000e+03 1.147910152326524075e-01
1.039000000000000000e+03 1.324355780384600112e-01
1.040000000000000000e+03 1.533033302227010952e-01
1.041000000000000000e+03 1.725485179873794406e-01
1.042000000000000000e+03 1.745957560033457034e-01
1.043000000000000000e+03 1.537207647614524664e-01
1.044000000000000000e+03 1.227584089812061990e-01
1.045000000000000000e+03 9.502627587580224355e-02
1.046000000000000000e+03 7.513806866453255628e-02
1.047000000000000000e+03 6.230199940016124815e-02
1.048000000000000000e+03 5.446787260126260272e-02
1.049000000000000000e+03 4.974814084844458861e-02
1.050000000000000000e+03 4.700104885901575102e-02
1.051000000000000000e+03 4.600949213460515247e-02
1.052000000000000000e+03 4.682056090896850875e-02
1.053000000000000000e+03 4.923388381872834119e-02
1.054000000000000000e+03 5.328696632654143783e-02
1.055000000000000000e+03 5.987828413344188638e-02
1.056000000000000000e+03 7.021578322960310425e-02
1.057000000000000000e+03 8.334464462801319251e-02
1.058000000000000000e+03 9.314062349599074031e-02
1.059000000000000000e+03 9.336313207577942586e-02
1.060000000000000000e+03 8.824480914355145589e-02
1.061000000000000000e+03 8.534809631893602866e-02
1.062000000000000000e+03 8.617780141899301916e-02
1.063000000000000000e+03 8.817925749452684703e-02
1.064000000000000000e+03 8.895042864801161464e-02
1.065000000000000000e+03 8.968317861738914210e-02
1.066000000000000000e+03 9.477443283771534721e-02
1.067000000000000000e+03 1.079327941588923839e-01
1.068000000000000000e+03 1.298928381283059597e-01
1.069000000000000000e+03 1.543467983804578947e-01
1.070000000000000000e+03 1.652048012027007018e-01
1.071000000000000000e+03 1.534303619483977643e-01
1.072000000000000000e+03 1.309801515949612638e-01
1.073000000000000000e+03 1.116032958624360444e-01
1.074000000000000000e+03 9.986262797130679436e-02
1.075000000000000000e+03 9.550831632328928011e-02
1.076000000000000000e+03 9.621098944610240178e-02
1.077000000000000000e+03 1.002443519421158669e-01
1.078000000000000000e+03 1.093422720325648301e-01
1.079000000000000000e+03 1.256668579749055936e-01
1.080000000000000000e+03 1.447706368001718258e-01
1.081000000000000000e+03 1.534903133669064945e-01
1.082000000000000000e+03 1.444794633351482172e-01
1.083000000000000000e+03 1.259294938623749249e-01
1.084000000000000000e+03 1.060701249102454641e-01
1.085000000000000000e+03 8.741351101333724727e-02
1.086000000000000000e+03 7.178976421000961283e-02
1.087000000000000000e+03 5.962907653293289534e-02
1.088000000000000000e+03 5.062853129234862193e-02
1.089000000000000000e+03 4.469543130098043576e-02
1.090000000000000000e+03 4.164175170388864644e-02
1.091000000000000000e+03 4.113056029543969011e-02
1.092000000000000000e+03 4.255516647712189598e-02
1.093000000000000000e+03 4.493149642646449005e-02
1.094000000000000000e+03 4.703247723834392408e-02
1.095000000000000000e+03 4.751458681889560165e-02
1.096000000000000000e+03 4.676896322634183784e-02
1.097000000000000000e+03 4.738190720703353009e-02
1.098000000000000000e+03 5.159956560772942236e-02
1.099000000000000000e+03 6.079274881829693777e-02
1.100000000000000000e+03 7.553058487241066932e-02
1.101000000000000000e+03 9.301446495843936069e-02
1.102000000000000000e+03 1.032821568700396930e-01
1.103000000000000000e+03 9.683569529394020492e-02
1.104000000000000000e+03 7.892715251199731996e-02
1.105000000000000000e+03 6.055217469946224534e-02
1.106000000000000000e+03 4.644220252624708944e-02
1.107000000000000000e+03 3.668584003072373340e-02
1.108000000000000000e+03 3.018004122276751050e-02
1.109000000000000000e+03 2.590750699843418284e-02
1.110000000000000000e+03 2.309442198117738973e-02
1.111000000000000000e+03 2.107703248850929453e-02
1.112000000000000000e+03 1.939148991524702534e-02
1.113000000000000000e+03 1.798278509798459032e-02
1.114000000000000000e+03 1.698501519450999406e-02
1.115000000000000000e+03 1.641925076380007856e-02
1.116000000000000000e+03 1.620546332895149433e-02
1.117000000000000000e+03 1.627190813953157192e-02
1.118000000000000000e+03 1.664072249694504776e-02
1.119000000000000000e+03 1.742253009228993121e-02
1.120000000000000000e+03 1.867659567923143221e-02
1.121000000000000000e+03 2.034830499184995742e-02
1.122000000000000000e+03 2.243653626083949235e-02
1.123000000000000000e+03 2.534874493949714619e-02
1.124000000000000000e+03 2.975371495751114384e-02
1.125000000000000000e+03 3.594905304686939196e-02
1.126000000000000000e+03 4.306603262323927678e-02
1.127000000000000000e+03 4.934621711916097747e-02
1.128000000000000000e+03 5.461214468391874244e-02
1.129000000000000000e+03 5.999987157407807303e-02
1.130000000000000000e+03 6.420131345267313105e-02
1.131000000000000000e+03 6.495573887810260350e-02
1.132000000000000000e+03 6.299644561166957424e-02
1.133000000000000000e+03 5.846868183433544253e-02
1.134000000000000000e+03 5.065451131481127356e-02
1.135000000000000000e+03 4.174202041327136625e-02
1.136000000000000000e+03 3.443248862328193716e-02
1.137000000000000000e+03 2.952321484500870438e-02
1.138000000000000000e+03 2.669931301989830405e-02
1.139000000000000000e+03 2.552569836990244839e-02
1.140000000000000000e+03 2.576731939642104216e-02
1.141000000000000000e+03 2.743229663264192333e-02
1.142000000000000000e+03 3.076459576076423161e-02
1.143000000000000000e+03 3.615981137277691354e-02
1.144000000000000000e+03 4.368313471380778218e-02
1.145000000000000000e+03 5.173616982656301100e-02
1.146000000000000000e+03 5.670201612494833038e-02
1.147000000000000000e+03 5.754054942272098655e-02
1.148000000000000000e+03 5.804604761901768772e-02
1.149000000000000000e+03 6.178980158606489637e-02
1.150000000000000000e+03 7.025650113156878263e-02
1.151000000000000000e+03 8.384764244198826544e-02
1.152000000000000000e+03 1.026268855832427052e-01
1.153000000000000000e+03 1.246667127004652542e-01
1.154000000000000000e+03 1.416066194882392160e-01
1.155000000000000000e+03 1.448236754977792473e-01
1.156000000000000000e+03 1.329083489291590092e-01
1.157000000000000000e+03 1.091054410598994023e-01
1.158000000000000000e+03 8.311510158376496371e-02
1.159000000000000000e+03 6.229731804639144360e-02
1.160000000000000000e+03 4.761638513535820100e-02
1.161000000000000000e+03 3.758573127118450263e-02
1.162000000000000000e+03 3.069021738082725048e-02
1.163000000000000000e+03 2.585835484624392569e-02
1.164000000000000000e+03 2.238157214592433400e-02
1.165000000000000000e+03 1.980926142798080519e-02
1.166000000000000000e+03 1.787936048656607602e-02
1.167000000000000000e+03 1.646537828471685005e-02
1.168000000000000000e+03 1.550480255939195619e-02
1.169000000000000000e+03 1.493077544955612179e-02
1.170000000000000000e+03 1.462267816360274947e-02
1.171000000000000000e+03 1.439532605980511221e-02
1.172000000000000000e+03 1.407083709137323113e-02
1.173000000000000000e+03 1.361939879629458713e-02
1.174000000000000000e+03 1.319866512574661976e-02
1.175000000000000000e+03 1.292586702197272286e-02
1.176000000000000000e+03 1.279016952741619979e-02
1.177000000000000000e+03 1.275965547061845042e-02
1.178000000000000000e+03 1.280595492699201747e-02
1.179000000000000000e+03 1.295677731890000281e-02
1.180000000000000000e+03 1.327829723056712236e-02
1.181000000000000000e+03 1.380924728895793416e-02
1.182000000000000000e+03 1.457261756501919414e-02
1.183000000000000000e+03 1.560113280990988241e-02
1.184000000000000000e+03 1.694944143497253627e-02
1.185000000000000000e+03 1.870295888294442460e-02
1.186000000000000000e+03 2.099081309077809043e-02
1.187000000000000000e+03 2.400768860895764051e-02
1.188000000000000000e+03 2.805060782974174924e-02
1.189000000000000000e+03 3.357973239054572873e-02
1.190000000000000000e+03 4.131286777388756132e-02
1.191000000000000000e+03 5.234193652484154385e-02
1.192000000000000000e+03 6.814611012343162189e-02
1.193000000000000000e+03 9.009363235943278203e-02
1.194000000000000000e+03 1.181918082167368322e-01
1.195000000000000000e+03 1.501246808519735021e-01
1.196000000000000000e+03 1.793205623417745420e-01
1.197000000000000000e+03 1.916969381953641527e-01
1.198000000000000000e+03 1.751179046481225465e-01
1.199000000000000000e+03 1.397928448201499196e-01
1.200000000000000000e+03 1.052203635201675314e-01
1.201000000000000000e+03 7.928964590135986756e-02
1.202000000000000000e+03 6.162631698246238271e-02
1.203000000000000000e+03 4.997484766845008280e-02
1.204000000000000000e+03 4.223493050356297990e-02
1.205000000000000000e+03 3.681647369083460020e-02
1.206000000000000000e+03 3.270408974079387632e-02
1.207000000000000000e+03 2.959282082741402503e-02
1.208000000000000000e+03 2.758917042776152725e-02
1.209000000000000000e+03 2.679962834729778670e-02
1.210000000000000000e+03 2.731703703017277288e-02
1.211000000000000000e+03 2.931673803169860398e-02
1.212000000000000000e+03 3.292855353698875831e-02
1.213000000000000000e+03 3.760231269391728359e-02
1.214000000000000000e+03 4.146823537215768574e-02
1.215000000000000000e+03 4.274964100820764779e-02
1.216000000000000000e+03 4.107990311396387401e-02
1.217000000000000000e+03 3.724551598094900245e-02
1.218000000000000000e+03 3.330600792995763032e-02
1.219000000000000000e+03 3.078942699203733244e-02
1.220000000000000000e+03 2.999994810761383995e-02
1.221000000000000000e+03 3.058442840025453816e-02
1.222000000000000000e+03 3.195564586411268199e-02
1.223000000000000000e+03 3.380282689697477333e-02
1.224000000000000000e+03 3.666587535173692486e-02
1.225000000000000000e+03 4.145296297922744511e-02
1.226000000000000000e+03 4.890993862700690475e-02
1.227000000000000000e+03 5.979783830282038581e-02
1.228000000000000000e+03 7.453944013657133605e-02
1.229000000000000000e+03 9.269160489049191320e-02
1.230000000000000000e+03 1.139154709840847352e-01
1.231000000000000000e+03 1.354466504725561626e-01
1.232000000000000000e+03 1.465970061100196065e-01
1.233000000000000000e+03 1.361828028804682456e-01
1.234000000000000000e+03 1.115159370091771962e-01
1.235000000000000000e+03 8.758625008046010130e-02
1.236000000000000000e+03 7.005705402308698426e-02
1.237000000000000000e+03 5.833811635720863309e-02
1.238000000000000000e+03 5.078894848993607825e-02
1.239000000000000000e+03 4.637485032350585623e-02
1.240000000000000000e+03 4.468588593008418486e-02
1.241000000000000000e+03 4.542923113642377553e-02
1.242000000000000000e+03 4.791027465588715284e-02
1.243000000000000000e+03 5.089262651534063459e-02
1.244000000000000000e+03 5.383525682883847502e-02
1.245000000000000000e+03 5.802128420083264154e-02
1.246000000000000000e+03 6.523757831728557721e-02
1.247000000000000000e+03 7.686325414203143414e-02
1.248000000000000000e+03 9.405035916368630067e-02
1.249000000000000000e+03 1.152087431507821252e-01
1.250000000000000000e+03 1.317627893141405937e-01
1.251000000000000000e+03 1.354808281809935788e-01
1.252000000000000000e+03 1.326421162710882951e-01
1.253000000000000000e+03 1.332778454054780182e-01
1.254000000000000000e+03 1.362258289511185938e-01
1.255000000000000000e+03 1.350636123122356536e-01
1.256000000000000000e+03 1.320619797535970141e-01
1.257000000000000000e+03 1.319962771880259511e-01
1.258000000000000000e+03 1.314911952883643653e-01
1.259000000000000000e+03 1.272663204626790501e-01
1.260000000000000000e+03 1.234296753697996102e-01
1.261000000000000000e+03 1.205710056804143587e-01
1.262000000000000000e+03 1.125205210871424721e-01
1.263000000000000000e+03 9.710863913718603690e-02
1.264000000000000000e+03 7.911817956996868018e-02
1.265000000000000000e+03 6.357450578623231874e-02
1.266000000000000000e+03 5.223485532427094707e-02
1.267000000000000000e+03 4.461895194734478293e-02
1.268000000000000000e+03 3.974649647770850391e-02
1.269000000000000000e+03 3.687180966221335898e-02
1.270000000000000000e+03 3.559579818173966986e-02
1.271000000000000000e+03 3.577881626620967037e-02
1.272000000000000000e+03 3.741851686867810750e-02
1.273000000000000000e+03 4.037450825362159240e-02
1.274000000000000000e+03 4.381073360339066830e-02
1.275000000000000000e+03 4.628142256302734264e-02
1.276000000000000000e+03 4.752316287529348426e-02
1.277000000000000000e+03 4.915112928049127777e-02
1.278000000000000000e+03 5.272461195412623397e-02
1.279000000000000000e+03 5.853858354286298193e-02
1.280000000000000000e+03 6.612105745447036109e-02
1.281000000000000000e+03 7.573163263559548608e-02
1.282000000000000000e+03 8.900126781355087446e-02
1.283000000000000000e+03 1.089958807343846536e-01
1.284000000000000000e+03 1.396851143074764323e-01
1.285000000000000000e+03 1.829475615643363917e-01
1.286000000000000000e+03 2.301204224175216473e-01
1.287000000000000000e+03 2.538446928669905178e-01
1.288000000000000000e+03 2.354942795614140272e-01
1.289000000000000000e+03 1.966009415372242941e-01
1.290000000000000000e+03 1.641229038096509718e-01
1.291000000000000000e+03 1.472884727763493218e-01
1.292000000000000000e+03 1.466214381670985778e-01
1.293000000000000000e+03 1.600561928675775514e-01
1.294000000000000000e+03 1.802744353010045653e-01
1.295000000000000000e+03 1.909796716805838845e-01
1.296000000000000000e+03 1.788528971848810656e-01
1.297000000000000000e+03 1.501402265147105952e-01
1.298000000000000000e+03 1.209909520111997344e-01
1.299000000000000000e+03 9.919712529846071158e-02
1.300000000000000000e+03 8.443101934906686867e-02
1.301000000000000000e+03 7.506431389655540687e-02
1.302000000000000000e+03 7.048673069891253640e-02
1.303000000000000000e+03 7.058571369709895627e-02
1.304000000000000000e+03 7.566319864061886447e-02
1.305000000000000000e+03 8.652496844308520119e-02
1.306000000000000000e+03 1.036525793555353181e-01
1.307000000000000000e+03 1.239193239789024015e-01
1.308000000000000000e+03 1.365827166178229524e-01
1.309000000000000000e+03 1.324140526686705954e-01
1.310000000000000000e+03 1.183186317363321416e-01
1.311000000000000000e+03 1.062302536597881375e-01
1.312000000000000000e+03 1.018201274027943221e-01
1.313000000000000000e+03 1.064509096699994134e-01
1.314000000000000000e+03 1.197000420718558056e-01
1.315000000000000000e+03 1.389177652802485174e-01
1.316000000000000000e+03 1.592494423642950852e-01
1.317000000000000000e+03 1.773686916598732344e-01
1.318000000000000000e+03 1.911398247209511181e-01
1.319000000000000000e+03 1.965939997047344290e-01
1.320000000000000000e+03 1.914734747019761485e-01
1.321000000000000000e+03 1.751333381660836741e-01
1.322000000000000000e+03 1.531057097899504449e-01
1.323000000000000000e+03 1.364019717336379944e-01
1.324000000000000000e+03 1.308800656526619977e-01
1.325000000000000000e+03 1.362460672487215696e-01
1.326000000000000000e+03 1.485214093385035516e-01
1.327000000000000000e+03 1.610669658078774102e-01
1.328000000000000000e+03 1.630456780067894573e-01
1.329000000000000000e+03 1.474068921524443188e-01
1.330000000000000000e+03 1.242655299763661403e-01
1.331000000000000000e+03 1.061145432846136299e-01
1.332000000000000000e+03 9.608536860451949435e-02
1.333000000000000000e+03 9.175321905826248903e-02
1.334000000000000000e+03 8.963475748279890742e-02
1.335000000000000000e+03 8.846203547477531071e-02
1.336000000000000000e+03 8.741946171029721380e-02
1.337000000000000000e+03 8.261231216841317948e-02
1.338000000000000000e+03 7.241172737926257486e-02
1.339000000000000000e+03 6.065115900361111451e-02
1.340000000000000000e+03 5.091013307694724349e-02
1.341000000000000000e+03 4.401173547188340363e-02
1.342000000000000000e+03 3.943701042491631198e-02
1.343000000000000000e+03 3.663578582395909944e-02
1.344000000000000000e+03 3.528215238880472171e-02
1.345000000000000000e+03 3.517390598973980931e-02
1.346000000000000000e+03 3.625332683512365317e-02
1.347000000000000000e+03 3.866427070883801664e-02
1.348000000000000000e+03 4.266437690719388637e-02
1.349000000000000000e+03 4.838334688811183476e-02
1.350000000000000000e+03 5.540170982823572343e-02
1.351000000000000000e+03 6.199943726418919582e-02
1.352000000000000000e+03 6.571398480519431706e-02
1.353000000000000000e+03 6.681739137125730643e-02
1.354000000000000000e+03 6.698719945289192956e-02
1.355000000000000000e+03 6.626566174823110555e-02
1.356000000000000000e+03 6.570951823167443806e-02
1.357000000000000000e+03 6.729518251940840023e-02
1.358000000000000000e+03 7.178828089701122517e-02
1.359000000000000000e+03 7.996584755225788488e-02
1.360000000000000000e+03 9.353585394796398722e-02
1.361000000000000000e+03 1.136591189752634845e-01
1.362000000000000000e+03 1.387725611703448658e-01
1.363000000000000000e+03 1.630266357387590015e-01
1.364000000000000000e+03 1.804773820151307218e-01
1.365000000000000000e+03 1.886122650344598806e-01
1.366000000000000000e+03 1.893171723155719355e-01
1.367000000000000000e+03 1.866778312091944558e-01
1.368000000000000000e+03 1.813554411012439083e-01
1.369000000000000000e+03 1.755692865676484193e-01
1.370000000000000000e+03 1.735044880395509304e-01
1.371000000000000000e+03 1.775069032240798594e-01
1.372000000000000000e+03 1.895945722124726673e-01
1.373000000000000000e+03 2.137391484398372676e-01
1.374000000000000000e+03 2.487616132485518661e-01
1.375000000000000000e+03 2.776240245272649787e-01
1.376000000000000000e+03 2.781724294300523259e-01
1.377000000000000000e+03 2.527952133663088907e-01
1.378000000000000000e+03 2.204109205699404106e-01
1.379000000000000000e+03 1.897228239224396373e-01
1.380000000000000000e+03 1.594549195953678111e-01
1.381000000000000000e+03 1.315304677385306653e-01
1.382000000000000000e+03 1.103513382668241116e-01
1.383000000000000000e+03 9.711750600330833205e-02
1.384000000000000000e+03 9.049313093955889398e-02
1.385000000000000000e+03 8.833671454523712996e-02
1.386000000000000000e+03 8.899192471727555842e-02
1.387000000000000000e+03 9.193944561173304775e-02
1.388000000000000000e+03 9.583507915097078111e-02
1.389000000000000000e+03 9.800969800302146429e-02
1.390000000000000000e+03 9.730385333451023466e-02
1.391000000000000000e+03 9.641958650170961986e-02
1.392000000000000000e+03 9.975695195747669164e-02
1.393000000000000000e+03 1.103082230499146804e-01
1.394000000000000000e+03 1.281396713784068442e-01
1.395000000000000000e+03 1.470170484772529707e-01
1.396000000000000000e+03 1.524979558173739091e-01
1.397000000000000000e+03 1.385104671954531519e-01
1.398000000000000000e+03 1.179616600988111635e-01
1.399000000000000000e+03 1.027018722124469208e-01
1.400000000000000000e+03 9.572247834568682612e-02
1.401000000000000000e+03 9.616453357601251195e-02
1.402000000000000000e+03 1.021699060259503022e-01
1.403000000000000000e+03 1.117511992470513610e-01
1.404000000000000000e+03 1.218040191075084461e-01
1.405000000000000000e+03 1.279880248444697499e-01
1.406000000000000000e+03 1.304551269563567484e-01
1.407000000000000000e+03 1.311719856378432969e-01
1.408000000000000000e+03 1.289853063481629647e-01
1.409000000000000000e+03 1.254555500594086992e-01
1.410000000000000000e+03 1.217063063684127172e-01
1.411000000000000000e+03 1.166707250403849483e-01
1.412000000000000000e+03 1.114392135184095606e-01
1.413000000000000000e+03 1.090053754363095040e-01
1.414000000000000000e+03 1.104564068078046496e-01
1.415000000000000000e+03 1.131438878192919245e-01
1.416000000000000000e+03 1.133477509014261531e-01
1.417000000000000000e+03 1.078326779010050918e-01
1.418000000000000000e+03 9.660448392375663162e-02
1.419000000000000000e+03 8.458452611283234779e-02
1.420000000000000000e+03 7.527306044176561295e-02
1.421000000000000000e+03 6.937909210413845118e-02
1.422000000000000000e+03 6.664069398330679794e-02
1.423000000000000000e+03 6.684763737909507619e-02
1.424000000000000000e+03 7.027313762790574070e-02
1.425000000000000000e+03 7.720464812376572061e-02
1.426000000000000000e+03 8.652712864490791356e-02
1.427000000000000000e+03 9.460959637690032065e-02
1.428000000000000000e+03 9.842234275697192558e-02
1.429000000000000000e+03 9.931911954023217581e-02
1.430000000000000000e+03 1.018142255844689814e-01
1.431000000000000000e+03 1.101567979468832670e-01
1.432000000000000000e+03 1.259366634561375764e-01
1.433000000000000000e+03 1.469512192797282069e-01
1.434000000000000000e+03 1.664040306521107349e-01
1.435000000000000000e+03 1.760903279507572694e-01
1.436000000000000000e+03 1.723703168268443386e-01
1.437000000000000000e+03 1.561465026039128567e-01
1.438000000000000000e+03 1.356392526676575283e-01
1.439000000000000000e+03 1.198287820012259308e-01
1.440000000000000000e+03 1.113661453402425838e-01
1.441000000000000000e+03 1.095563629114075094e-01
1.442000000000000000e+03 1.134752884218891422e-01
1.443000000000000000e+03 1.228866230460364389e-01
1.444000000000000000e+03 1.384081477560356876e-01
1.445000000000000000e+03 1.616581123212896265e-01
1.446000000000000000e+03 1.955830367481723731e-01
1.447000000000000000e+03 2.449418677918535903e-01
1.448000000000000000e+03 3.163783732623524636e-01
1.449000000000000000e+03 4.157124590346180093e-01
1.450000000000000000e+03 5.383406388426458244e-01
1.451000000000000000e+03 6.606121767984564075e-01
1.452000000000000000e+03 7.596546825822292348e-01
1.453000000000000000e+03 8.422022639053463600e-01
1.454000000000000000e+03 9.158171537088887204e-01
1.455000000000000000e+03 9.250468987298683388e-01
1.456000000000000000e+03 8.190909361561889979e-01
1.457000000000000000e+03 6.522336398795133272e-01
1.458000000000000000e+03 4.961819575688503625e-01
1.459000000000000000e+03 3.770104256461505599e-01
1.460000000000000000e+03 2.938407411123790669e-01
1.461000000000000000e+03 2.368158716036573574e-01
1.462000000000000000e+03 1.958245339870249291e-01
1.463000000000000000e+03 1.648429731928142405e-01
1.464000000000000000e+03 1.415755111101441588e-01
1.465000000000000000e+03 1.247158799676622437e-01
1.466000000000000000e+03 1.129304273108208689e-01
1.467000000000000000e+03 1.050794031668877276e-01
1.468000000000000000e+03 1.003793180444561839e-01
1.469000000000000000e+03 9.837910692510559718e-02
1.470000000000000000e+03 9.890429627378438671e-02
1.471000000000000000e+03 1.020322949109914168e-01
1.472000000000000000e+03 1.081131765685006962e-01
1.473000000000000000e+03 1.178433171601446505e-01
1.474000000000000000e+03 1.323951768949594432e-01
1.475000000000000000e+03 1.535665866496515042e-01
1.476000000000000000e+03 1.838057804197383571e-01
1.477000000000000000e+03 2.258318072846822733e-01
1.478000000000000000e+03 2.808564854591667492e-01
1.479000000000000000e+03 3.448351495496115304e-01
1.480000000000000000e+03 4.110872566228073177e-01
1.481000000000000000e+03 4.771392428468884117e-01
1.482000000000000000e+03 5.353966109625257763e-01
1.483000000000000000e+03 5.679528418401920131e-01
1.484000000000000000e+03 5.828898957513338752e-01
1.485000000000000000e+03 6.148665648550288854e-01
1.486000000000000000e+03 6.644687861379032778e-01
1.487000000000000000e+03 6.916043898348525065e-01
1.488000000000000000e+03 6.795828486799492252e-01
1.489000000000000000e+03 6.463471293615361546e-01
1.490000000000000000e+03 5.955727388127974864e-01
1.491000000000000000e+03 5.335766049432544289e-01
1.492000000000000000e+03 4.803767723398905121e-01
1.493000000000000000e+03 4.402849683136687564e-01
1.494000000000000000e+03 4.066628901552241104e-01
1.495000000000000000e+03 3.830551523596060770e-01
1.496000000000000000e+03 3.800623676132726669e-01
1.497000000000000000e+03 4.004573389441552500e-01
1.498000000000000000e+03 4.346189992177244554e-01
1.499000000000000000e+03 4.690573816313007294e-01
1.500000000000000000e+03 4.940865946433432576e-01
1.501000000000000000e+03 5.013215830251933625e-01
1.502000000000000000e+03 4.850828115201598068e-01
1.503000000000000000e+03 4.508651458559867486e-01
1.504000000000000000e+03 4.024568456140570905e-01
1.505000000000000000e+03 3.480988906307183051e-01
1.506000000000000000e+03 2.993474977036367779e-01
1.507000000000000000e+03 2.611331382426254621e-01
1.508000000000000000e+03 2.365399316636476179e-01
1.509000000000000000e+03 2.268230452159436805e-01
1.510000000000000000e+03 2.298773800958840152e-01
1.511000000000000000e+03 2.359910867990257233e-01
1.512000000000000000e+03 2.278395391527361646e-01
1.513000000000000000e+03 2.005778510133568449e-01
1.514000000000000000e+03 1.676647079031804433e-01
1.515000000000000000e+03 1.384452548818687068e-01
1.516000000000000000e+03 1.131330440103567314e-01
1.517000000000000000e+03 9.186077664792552389e-02
1.518000000000000000e+03 7.532194709561979007e-02
1.519000000000000000e+03 6.294708013963239146e-02
1.520000000000000000e+03 5.368322977224779247e-02
1.521000000000000000e+03 4.663487029430163355e-02
1.522000000000000000e+03 4.114940782857148815e-02
1.523000000000000000e+03 3.677851867263305652e-02
1.524000000000000000e+03 3.322012937174291525e-02
1.525000000000000000e+03 3.026891496497948267e-02
1.526000000000000000e+03 2.778230694832112269e-02
1.527000000000000000e+03 2.565885010371026301e-02
1.528000000000000000e+03 2.382459587449800922e-02
1.529000000000000000e+03 2.222444413327550120e-02
1.530000000000000000e+03 2.081651764131256174e-02
1.531000000000000000e+03 1.956842143422994965e-02
1.532000000000000000e+03 1.845469818677538884e-02
1.533000000000000000e+03 1.745505956037923800e-02
1.534000000000000000e+03 1.655313223286088153e-02
1.535000000000000000e+03 1.573555249951363519e-02
1.536000000000000000e+03 1.499130158423874273e-02
1.537000000000000000e+03 1.431121019350234738e-02
1.538000000000000000e+03 1.368758405422863984e-02
1.539000000000000000e+03 1.311391726834678848e-02
1.540000000000000000e+03 1.258467031253348439e-02
1.541000000000000000e+03 1.209509624741947169e-02
1.542000000000000000e+03 1.164110331300116999e-02
1.543000000000000000e+03 1.121914529321819953e-02
1.544000000000000000e+03 1.082613329272376357e-02
1.545000000000000000e+03 1.045936418289703657e-02
1.546000000000000000e+03 1.011646214091098915e-02
1.547000000000000000e+03 9.795330558765641057e-03
1.548000000000000000e+03 9.494112229630365801e-03
1.549000000000000000e+03 9.211156189401768432e-03
1.550000000000000000e+03 8.944989945927061051e-03
1.551000000000000000e+03 8.694296097837032541e-03
1.552000000000000000e+03 8.457892551488275026e-03
1.553000000000000000e+03 8.234715704074576509e-03
1.554000000000000000e+03 8.023806085139218239e-03
1.555000000000000000e+03 7.824296046030368434e-03
1.556000000000000000e+03 7.635399163607858343e-03
1.557000000000000000e+03 7.456401085450145745e-03
1.558000000000000000e+03 7.286651592476459278e-03
1.559000000000000000e+03 7.125557693984150773e-03
1.560000000000000000e+03 6.972577601660492896e-03
1.561000000000000000e+03 6.827215454742152113e-03
1.562000000000000000e+03 6.689016689385716800e-03
1.563000000000000000e+03 6.557563962430185654e-03
1.564000000000000000e+03 6.432473553821160123e-03
1.565000000000000000e+03 6.313392183611927014e-03
1.566000000000000000e+03 6.199994189121952812e-03
1.567000000000000000e+03 6.091979015886660014e-03
1.568000000000000000e+03 5.989068982767719804e-03
1.569000000000000000e+03 5.891007287246666745e-03
1.570000000000000000e+03 5.797556221686541236e-03
1.571000000000000000e+03 5.708495575370634879e-03
1.572000000000000000e+03 5.623621200539411988e-03
1.573000000000000000e+03 5.542743723548525930e-03
1.574000000000000000e+03 5.465687384746277695e-03
1.575000000000000000e+03 5.392288992786641380e-03
1.576000000000000000e+03 5.322396980911008740e-03
1.577000000000000000e+03 5.255870554295042317e-03
1.578000000000000000e+03 5.192578918905609367e-03
1.579000000000000000e+03 5.132400583479176936e-03
1.580000000000000000e+03 5.075222727244609044e-03
1.581000000000000000e+03 5.020940626892836899e-03
1.582000000000000000e+03 4.969457137062414410e-03
1.583000000000000000e+03 4.920682219280112304e-03
1.584000000000000000e+03 4.874532514882572339e-03
1.585000000000000000e+03 4.830930957960982014e-03
1.586000000000000000e+03 4.789806424824920653e-03
1.587000000000000000e+03 4.751093416882967019e-03
1.588000000000000000e+03 4.714731774193296927e-03
1.589000000000000000e+03 4.680666417253604057e-03
1.590000000000000000e+03 4.648847114881600115e-03
1.591000000000000000e+03 4.619228276289736278e-03
1.592000000000000000e+03 4.591768765684623756e-03
1.593000000000000000e+03 4.566431737926298327e-03
1.594000000000000000e+03 4.543184493968347587e-03
1.595000000000000000e+03 4.521998354969145387e-03
1.596000000000000000e+03 4.502848554120027907e-03
1.597000000000000000e+03 4.485714145379736048e-03
1.598000000000000000e+03 4.470577928438085845e-03
1.599000000000000000e+03 4.457426389357176284e-03
1.600000000000000000e+03 4.446249656457133652e-03
1.601000000000000000e+03 4.437041471126755739e-03
1.602000000000000000e+03 4.429799173348897626e-03
1.603000000000000000e+03 4.424523701837336162e-03
1.604000000000000000e+03 4.421219608787209550e-03
1.605000000000000000e+03 4.419895089346351572e-03
1.606000000000000000e+03 4.420562026021057980e-03
1.607000000000000000e+03 4.423236048338052839e-03
1.608000000000000000e+03 4.427936608196249811e-03
1.609000000000000000e+03 4.434687071458204462e-03
1.610000000000000000e+03 4.443514826453602573e-03
1.611000000000000000e+03 4.454451410196973507e-03
1.612000000000000000e+03 4.467532653260691822e-03
1.613000000000000000e+03 4.482798844393915544e-03
1.614000000000000000e+03 4.500294916140335638e-03
1.615000000000000000e+03 4.520070652884468874e-03
1.616000000000000000e+03 4.542180922950162306e-03
1.617000000000000000e+03 4.566685936588554123e-03
1.618000000000000000e+03 4.593651531928946881e-03
1.619000000000000000e+03 4.623149491228272477e-03
1.620000000000000000e+03 4.655257890046968737e-03
1.621000000000000000e+03 4.690061482305360289e-03
1.622000000000000000e+03 4.727652124540499164e-03
1.623000000000000000e+03 4.768129243094157942e-03
1.624000000000000000e+03 4.811600348425527224e-03
1.625000000000000000e+03 4.858181601264534299e-03
1.626000000000000000e+03 4.907998435912875462e-03
1.627000000000000000e+03 4.961186246670070896e-03
1.628000000000000000e+03 5.017891144123595888e-03
1.629000000000000000e+03 5.078270788909485661e-03
1.630000000000000000e+03 5.142495311539530684e-03
1.631000000000000000e+03 5.210748328022971054e-03
1.632000000000000000e+03 5.283228062307378931e-03
1.633000000000000000e+03 5.360148588052460368e-03
1.634000000000000000e+03 5.441741203964046113e-03
1.635000000000000000e+03 5.528255958891383978e-03
1.636000000000000000e+03 5.619963345174469257e-03
1.637000000000000000e+03 5.717156181373380004e-03
1.638000000000000000e+03 5.820151708582369833e-03
1.639000000000000000e+03 5.929293928105442736e-03
1.640000000000000000e+03 6.044956212438845795e-03
1.641000000000000000e+03 6.167544226381477430e-03
1.642000000000000000e+03 6.297499200810332577e-03
1.643000000000000000e+03 6.435301608377922734e-03
1.644000000000000000e+03 6.581475298309724838e-03
1.645000000000000000e+03 6.736592156843464012e-03
1.646000000000000000e+03 6.901277370953176962e-03
1.647000000000000000e+03 7.076215386202061933e-03
1.648000000000000000e+03 7.262156665314885295e-03
1.649000000000000000e+03 7.459925372905681223e-03
1.650000000000000000e+03 7.670428134424252080e-03
1.651000000000000000e+03 7.894664044650286094e-03
1.652000000000000000e+03 8.133736134035987955e-03
1.653000000000000000e+03 8.388864541221296295e-03
1.654000000000000000e+03 8.661401688818761574e-03
1.655000000000000000e+03 8.952849819242538962e-03
1.656000000000000000e+03 9.264881320686174648e-03
1.657000000000000000e+03 9.599362363859094069e-03
1.658000000000000000e+03 9.958380482311022033e-03
1.659000000000000000e+03 1.034427686898794184e-02
1.660000000000000000e+03 1.075968433673710721e-02
1.661000000000000000e+03 1.120757211086183605e-02
1.662000000000000000e+03 1.169129890077875815e-02
1.663000000000000000e+03 1.221467605296332193e-02
1.664000000000000000e+03 1.278204304223861873e-02
1.665000000000000000e+03 1.339835814480228385e-02
1.666000000000000000e+03 1.406930789727543069e-02
1.667000000000000000e+03 1.480143994044720926e-02
1.668000000000000000e+03 1.560232515563115922e-02
1.669000000000000000e+03 1.648075673890918996e-02
1.670000000000000000e+03 1.744699618319181869e-02
1.671000000000000000e+03 1.851307927587460614e-02
1.672000000000000000e+03 1.969319949488348293e-02
1.673000000000000000e+03 2.100419206777954725e-02
1.674000000000000000e+03 2.246615013629665175e-02
1.675000000000000000e+03 2.410321596525269450e-02
1.676000000000000000e+03 2.594460648918461149e-02
1.677000000000000000e+03 2.802595604947949112e-02
1.678000000000000000e+03 3.039109357147201998e-02
1.679000000000000000e+03 3.309442237309389440e-02
1.680000000000000000e+03 3.620414740155433742e-02
1.681000000000000000e+03 3.980671177612678246e-02
1.682000000000000000e+03 4.401298657787480056e-02
1.683000000000000000e+03 4.896704616474237270e-02
1.684000000000000000e+03 5.485882682086281464e-02
1.685000000000000000e+03 6.194273338196712442e-02
1.686000000000000000e+03 7.056554768971200209e-02
1.687000000000000000e+03 8.120920392108767205e-02
1.688000000000000000e+03 9.455785687995996169e-02
1.689000000000000000e+03 1.116054955069230720e-01
1.690000000000000000e+03 1.338324150776851740e-01
1.691000000000000000e+03 1.634994864729272246e-01
1.692000000000000000e+03 2.041401986508919186e-01
1.693000000000000000e+03 2.613550770604451956e-01
1.694000000000000000e+03 3.439092440816792218e-01
1.695000000000000000e+03 4.643041137522021522e-01
1.696000000000000000e+03 6.342465572799673712e-01
1.697000000000000000e+03 8.408141934979002086e-01
1.698000000000000000e+03 9.999889071979274346e-01
1.699000000000000000e+03 1.000000000000000000e+00
1.700000000000000000e+03 8.764213512106234782e-01
1.701000000000000000e+03 7.590018236586161260e-01
1.702000000000000000e+03 7.120428336917261625e-01
1.703000000000000000e+03 7.308007304068482313e-01
1.704000000000000000e+03 7.615558958859630634e-01
1.705000000000000000e+03 7.387413970435873223e-01
1.706000000000000000e+03 6.720407580368388256e-01
1.707000000000000000e+03 6.192128560817978800e-01
1.708000000000000000e+03 5.983162972955228254e-01
1.709000000000000000e+03 5.759099047050807441e-01
1.710000000000000000e+03 5.182870806745353276e-01
1.711000000000000000e+03 4.395623421951135867e-01
1.712000000000000000e+03 3.654847508821326141e-01
1.713000000000000000e+03 2.998237285187783097e-01
1.714000000000000000e+03 2.401560211790229049e-01
1.715000000000000000e+03 1.902821356318077639e-01
1.716000000000000000e+03 1.528209325102188598e-01
1.717000000000000000e+03 1.256859781968671097e-01
1.718000000000000000e+03 1.050831559735928566e-01
1.719000000000000000e+03 8.846332589093483523e-02
1.720000000000000000e+03 7.508971454041366012e-02
1.721000000000000000e+03 6.453463693923983113e-02
1.722000000000000000e+03 5.619317178377683519e-02
1.723000000000000000e+03 4.950484455935529743e-02
1.724000000000000000e+03 4.404833100939057472e-02
1.725000000000000000e+03 3.952460524375680379e-02
1.726000000000000000e+03 3.572153101309522016e-02
1.727000000000000000e+03 3.248593472164874874e-02
1.728000000000000000e+03 2.970480363227114007e-02
1.729000000000000000e+03 2.729300161001925809e-02
1.730000000000000000e+03 2.518517922274955342e-02
1.731000000000000000e+03 2.333033953627039123e-02
1.732000000000000000e+03 2.168810457124826716e-02
1.733000000000000000e+03 2.022609320016561726e-02
1.734000000000000000e+03 1.891804188751034302e-02
1.735000000000000000e+03 1.774243290368490711e-02
1.736000000000000000e+03 1.668147635580666949e-02
1.737000000000000000e+03 1.572034353589445155e-02
1.738000000000000000e+03 1.484658181601525989e-02
1.739000000000000000e+03 1.404966270610742002e-02
1.740000000000000000e+03 1.332062894539358215e-02
1.741000000000000000e+03 1.265181617721072849e-02
1.742000000000000000e+03 1.203663144137756720e-02
1.743000000000000000e+03 1.146937540696007195e-02
1.744000000000000000e+03 1.094509860466666776e-02
1.745000000000000000e+03 1.045948432362521843e-02
1.746000000000000000e+03 1.000875259283644930e-02
1.747000000000000000e+03 9.589580963225657548e-03
1.748000000000000000e+03 9.199038772390357929e-03
1.749000000000000000e+03 8.834532301618991043e-03
1.750000000000000000e+03 8.493758787447154915e-03
1.751000000000000000e+03 8.174667673452427549e-03
1.752000000000000000e+03 7.875427814952620093e-03
1.753000000000000000e+03 7.594399603609146114e-03
1.754000000000000000e+03 7.330111178154699592e-03
1.755000000000000000e+03 7.081238044528503396e-03
1.756000000000000000e+03 6.846585553298204646e-03
1.757000000000000000e+03 6.625073781663421042e-03
1.758000000000000000e+03 6.415724447100384746e-03
1.759000000000000000e+03 6.217649544039900375e-03
1.760000000000000000e+03 6.030041447116682961e-03
1.761000000000000000e+03 5.852164266996125706e-03
1.762000000000000000e+03 5.683346279527361038e-03
1.763000000000000000e+03 5.522973277516944786e-03
1.764000000000000000e+03 5.370482717967878933e-03
1.765000000000000000e+03 5.225358557134548824e-03
1.766000000000000000e+03 5.087126681961186281e-03
1.767000000000000000e+03 4.955350860002912493e-03
1.768000000000000000e+03 4.829629141258181581e-03
1.769000000000000000e+03 4.709590654859479621e-03
1.770000000000000000e+03 4.594892751590618461e-03
1.771000000000000000e+03 4.485218449980152115e-03
1.772000000000000000e+03 4.380274149470092526e-03
1.773000000000000000e+03 4.279787579048005032e-03
1.774000000000000000e+03 4.183505953899126911e-03
1.775000000000000000e+03 4.091194316198841670e-03
1.776000000000000000e+03 4.002634039220456449e-03
1.777000000000000000e+03 3.917621476557683544e-03
1.778000000000000000e+03 3.835966740521826266e-03
1.779000000000000000e+03 3.757492595725137486e-03
1.780000000000000000e+03 3.682033455550353870e-03
1.781000000000000000e+03 3.609434470670538908e-03
1.782000000000000000e+03 3.539550700055648681e-03
1.783000000000000000e+03 3.472246356010013149e-03
1.784000000000000000e+03 3.407394115751409113e-03
1.785000000000000000e+03 3.344874492887301570e-03
1.786000000000000000e+03 3.284575262883639418e-03
1.787000000000000000e+03 3.226390937270803491e-03
1.788000000000000000e+03 3.170222281901797796e-03
1.789000000000000000e+03 3.115975875080119039e-03
1.790000000000000000e+03 3.063563701817679976e-03
1.791000000000000000e+03 3.012902780874491399e-03
1.792000000000000000e+03 2.963914821577969070e-03
1.793000000000000000e+03 2.916525907726483062e-03
1.794000000000000000e+03 2.870666206153957203e-03
1.795000000000000000e+03 2.826269697774294685e-03
1.796000000000000000e+03 2.783273929139614810e-03
1.797000000000000000e+03 2.741619782738252947e-03
1.798000000000000000e+03 2.701251264429660025e-03
1.799000000000000000e+03 2.662115306566349184e-03
1.800000000000000000e+03 2.624161585489993582e-03
1.801000000000000000e+03 2.587342352211394886e-03
1.802000000000000000e+03 2.551612275194104894e-03
1.803000000000000000e+03 2.516928294260265334e-03
1.804000000000000000e+03 2.483249484726097675e-03
1.805000000000000000e+03 2.450536930954446465e-03
1.806000000000000000e+03 2.418753608583859571e-03
1.807000000000000000e+03 2.387864274758690585e-03
1.808000000000000000e+03 2.357835365743484075e-03
1.809000000000000000e+03 2.328634901357946180e-03
1.810000000000000000e+03 2.300232395716892992e-03
1.811000000000000000e+03 2.272598773803108634e-03
1.812000000000000000e+03 2.245706293440485977e-03
1.813000000000000000e+03 2.219528472270719619e-03
1.814000000000000000e+03 2.194040019369330758e-03
1.815000000000000000e+03 2.169216771166451729e-03
1.816000000000000000e+03 2.145035631364745204e-03
1.817000000000000000e+03 2.121474514571386732e-03
1.818000000000000000e+03 2.098512293383448905e-03
1.819000000000000000e+03 2.076128748686470894e-03
1.820000000000000000e+03 2.054304522944639267e-03
1.821000000000000000e+03 2.033021076278124749e-03
1.822000000000000000e+03 2.012260645138691691e-03
1.823000000000000000e+03 1.992006203409036301e-03
1.824000000000000000e+03 1.972241425764397274e-03
1.825000000000000000e+03 1.952950653146996946e-03
1.826000000000000000e+03 1.934118860214939940e-03
1.827000000000000000e+03 1.915731624637268503e-03
1.828000000000000000e+03 1.897775098116265746e-03
1.829000000000000000e+03 1.880235979026585345e-03
1.830000000000000000e+03 1.863101486568738896e-03
1.831000000000000000e+03 1.846359336341698741e-03
1.832000000000000000e+03 1.829997717246080327e-03
1.833000000000000000e+03 1.814005269635543972e-03
1.834000000000000000e+03 1.798371064639762724e-03
1.835000000000000000e+03 1.783084584587555548e-03
1.836000000000000000e+03 1.768135704463656786e-03
1.837000000000000000e+03 1.753514674337097084e-03
1.838000000000000000e+03 1.739212102703323673e-03
1.839000000000000000e+03 1.725218940686049172e-03
1.840000000000000000e+03 1.711526467048387051e-03
1.841000000000000000e+03 1.698126273966148701e-03
1.842000000000000000e+03 1.685010253519231456e-03
1.843000000000000000e+03 1.672170584859894405e-03
1.844000000000000000e+03 1.659599722019351525e-03
1.845000000000000000e+03 1.647290382316578825e-03
1.846000000000000000e+03 1.635235535335506901e-03
1.847000000000000000e+03 1.623428392438915676e-03
1.848000000000000000e+03 1.611862396789288422e-03
1.849000000000000000e+03 1.600531213848774281e-03
