3996.3851757812 0.0054430473
3997.3851757812 0.0054348954
3998.3851757812 0.0053775473
3999.3851757812 0.0053800894
4000.3851757812 0.005433165
4001.3851757812 0.0055093961
4002.3851757812 0.0056283302
4003.3851757812 0.0057614092
4004.3851757812 0.0058633313
4005.3851757812 0.0059391912
4006.3851757812 0.0060226764
4007.3851757812 0.0061179651
4008.3851757812 0.0062238835
4009.3851757812 0.0063109952
4010.3851757812 0.0062902989
4011.3851757812 0.0061549838
4012.3851757812 0.0060497122
4013.3851757812 0.0060823411
4014.3851757812 0.0061610225
4015.3851757812 0.0061642257
4016.3851757812 0.0060679819
4017.3851757812 0.0058951587
4018.3851757812 0.0057892157
4019.3851757812 0.0058943979
4020.3851757812 0.0060884049
4021.3851757812 0.0061033685
4022.3851757812 0.0060204188
4023.3851757812 0.0060344352
4024.3851757812 0.0059919939
4025.3851757812 0.0058293808
4026.3851757812 0.0057447525
4027.3851757812 0.0058141379
4028.3851757812 0.0060491348
4029.3851757812 0.0063558053
4030.3851757812 0.0064255251
4031.3851757812 0.0063341879
4032.3851757812 0.0064485399
4033.3851757812 0.0066437935
4034.3851757812 0.0066517056
4035.3851757812 0.0067143482
4036.3851757812 0.0069231619
4037.3851757812 0.0069255815
4038.3851757812 0.0066426373
4039.3851757812 0.0064061373
4040.3851757812 0.0063937376
4041.3851757812 0.006595064
4042.3851757812 0.0070595848
4043.3851757812 0.0077851419
4044.3851757812 0.008354554
4045.3851757812 0.008414329
4046.3851757812 0.0081198895
4047.3851757812 0.0076876422
4048.3851757812 0.0074456218
3894.1610375977 0.0076315505
3892.2322802734 0.0079863761
3890.3035229492 0.0079601426
3888.374765625  0.0078720665
3886.4460083008 0.0081516458
3884.5172509766 0.0084854094
3882.5884936524 0.0086482288
3880.6597363281 0.0086288992
3878.7309790039 0.008332626
3876.8022216797 0.0082677705
3874.8734643555 0.0087070139
3872.9447070313 0.0093003279
3871.015949707  0.0096404804
3869.0871923828 0.0095259203
3867.1584350586 0.009437209
3865.2296777344 0.0096910885
3863.3009204102 0.0096753389
3861.3721630859 0.0092387646
3859.4434057617 0.0090149865
3857.5146484375 0.0092469361
3855.5858911133 0.0098744323
3853.6571337891 0.0102538103
3851.7283764649 0.0095102033
3849.7996191406 0.0086148782
3847.8708618164 0.0081133228
3845.9421044922 0.0080495551
3844.013347168  0.008301015
3842.0845898438 0.0087011773
3840.1558325195 0.0091405688
3838.2270751953 0.0091550825
3836.2983178711 0.0085503235
3834.3695605469 0.0079374956
3832.4408032227 0.0075887684
3830.5120458984 0.0074379062
3828.5832885742 0.007449124
3826.65453125   0.0075647715
3824.7257739258 0.0077646389
3822.7970166016 0.0082402006
3820.8682592774 0.0086236186
3818.9395019531 0.0084579047
3817.0107446289 0.008134027
3815.0819873047 0.007593879
3813.1532299805 0.0071009728
3811.2244726563 0.007042326
3809.295715332  0.0073798192
3807.3669580078 0.0077278777
3805.4382006836 0.0078475792
3803.5094433594 0.0081197051
3801.5806860352 0.0083569558
3799.651928711  0.0080993706
3797.7231713867 0.0077030035
3795.7944140625 0.0072719865
3793.8656567383 0.0069034882
3791.9368994141 0.0067531532
3790.0081420899 0.0067902259
3788.0793847656 0.0070049423
3786.1506274414 0.0073443018
3784.2218701172 0.0075432248
3782.293112793  0.0076631391
3780.3643554688 0.0078564882
3778.4355981445 0.0077615818
3776.5068408203 0.0074115475
3774.5780834961 0.0072862799
3772.6493261719 0.0075530759
3770.7205688477 0.0079795998
3768.7918115235 0.0081363479
3766.8630541992 0.007996765
3764.934296875  0.0077490644
3763.0055395508 0.0076217768
3761.0767822266 0.0078347428
3759.1480249024 0.008111028
3757.2192675781 0.0080268504
3755.2905102539 0.0080243982
3753.3617529297 0.0085706003
3751.4329956055 0.0092503205
3749.5042382813 0.0090932492
3747.575480957  0.0086757978
3745.6467236328 0.0085122027
3743.7179663086 0.0082070399
3741.7892089844 0.0077632419
3739.8604516602 0.0075496254
3737.931694336  0.007771912
3736.0029370117 0.0082420213
3734.0741796875 0.0080277734
3732.1454223633 0.0071566277
3730.2166650391 0.0064990399
3728.2879077149 0.0064427862
3726.3591503906 0.0067654839
3724.4303930664 0.0069791884
3722.5016357422 0.0069628796
3720.572878418  0.0068127867
3718.6441210938 0.0066856416
3716.7153637695 0.0067531005
3714.7866064453 0.0071486803
3712.8578491211 0.0077547827
3710.9290917969 0.0078951055
3709.0003344727 0.0073717362
3707.0715771485 0.006864565
3705.1428198242 0.0068182298
3703.2140625    0.0072018937
3701.2853051758 0.0075326632
3699.3565478516 0.0075835525
3697.4277905274 0.0077340705
3695.4990332031 0.0081276968
3693.5702758789 0.0087809153
3691.6415185547 0.009827802
3689.7127612305 0.0107099516
3687.7840039063 0.0108188279
3685.8552465821 0.0107675577
3683.9264892578 0.0109925065
3681.9977319336 0.0115695456
3680.0689746094 0.0124468002
3678.1402172852 0.013601278
3676.211459961  0.0146856466
3674.2827026367 0.0149256019
3672.3539453125 0.0149658974
3670.4251879883 0.0153697571
3668.4964306641 0.0154491467
3666.5676733399 0.0153497504
3664.6389160156 0.0157614294
3662.7101586914 0.0166675355
3660.7814013672 0.0179481618
3658.852644043  0.0196741428
3656.9238867188 0.0220683534
3654.9951293946 0.0245760847
3653.0663720703 0.0272707548
3651.1376147461 0.0321743824
3649.2088574219 0.0403678007
3647.2801000977 0.0484939106
3645.3513427735 0.0561217479
3643.4225854492 0.0661934912
3641.493828125  0.0802335218
3639.5650708008 0.0974030942
3637.6363134766 0.115689978
3635.7075561524 0.1328514218
3633.7787988281 0.14632833
3631.8500415039 0.1540030986
3629.9212841797 0.1558960229
3627.9925268555 0.153012678
3626.0637695313 0.1489652097
3624.1350122071 0.1452519596
3622.2062548828 0.1411460489
3620.2774975586 0.1346085668
3618.3487402344 0.1245307922
3616.4199829102 0.1134959757
3614.491225586  0.1011452153
3612.5624682617 0.0878497958
3610.6337109375 0.0760994107
3608.7049536133 0.0652798787
3606.7761962891 0.0557900704
3604.8474389649 0.048879154
3602.9186816407 0.0434629433
3600.9899243164 0.0386136398
3599.0611669922 0.0345899798
3597.132409668  0.0315427668
3595.2036523438 0.0291551389
3593.2748950196 0.0273087658
3591.3461376953 0.0262937341
3589.4173803711 0.0260924958
3587.4886230469 0.0260198209
3585.5598657227 0.0255103149
3583.6311083985 0.0251005124
3581.7023510742 0.0251837298
3579.77359375   0.0255899876
3577.8448364258 0.0261540487
3575.9160791016 0.0268794168
3573.9873217774 0.0277980622
3572.0585644532 0.0289166011
3570.1298071289 0.0303800553
3568.2010498047 0.0323787369
3566.2722924805 0.0341085456
3564.3435351563 0.0350612588
3562.4147778321 0.0360606164
3560.4860205078 0.0374673344
3558.5572631836 0.0390792787
3556.6285058594 0.0408168696
3554.6997485352 0.042878367
3552.770991211  0.0452307835
3550.8422338867 0.0475462787
3548.9134765625 0.049934119
3546.9847192383 0.0527073704
3545.0559619141 0.0554155633
3543.1272045899 0.0576168969
3541.1984472657 0.0597696118
3539.2696899414 0.0623793863
3537.3409326172 0.0654350892
3535.412175293  0.0684259757
3533.4834179688 0.0712140575
3531.5546606446 0.074207373
3529.6259033203 0.0775275603
3527.6971459961 0.0809169859
3525.7683886719 0.0842174441
3523.8396313477 0.0874072537
3521.9108740235 0.09034504
3519.9821166993 0.093177259
3518.053359375  0.0961721689
3516.1246020508 0.0991808549
3514.1958447266 0.1020646393
3512.2670874024 0.1048915163
3510.3383300782 0.1076640114
3508.4095727539 0.110238485
3506.4808154297 0.1126588434
3504.5520581055 0.1151444837
3502.6233007813 0.1174074411
3500.6945434571 0.119143635
3498.7657861328 0.1206492484
3496.8370288086 0.1221440211
3494.9082714844 0.1235442087
3492.9795141602 0.124812156
3491.050756836  0.126081571
3489.1219995118 0.1273515373
3487.1932421875 0.1284169704
3485.2644848633 0.1292378902
3483.3357275391 0.1300713122
3481.4069702149 0.1309293509
3479.4782128907 0.131552726
3477.5494555664 0.1320485026
3475.6206982422 0.1325913221
3473.691940918  0.1331579238
3471.7631835938 0.1337825656
3469.8344262696 0.1344581097
3467.9056689453 0.1349857152
3465.9769116211 0.1352829039
3464.0481542969 0.1355929077
3462.1193969727 0.1360624731
3460.1906396485 0.1365543157
3458.2618823243 0.1369729638
3456.333125 0.137424916
3454.4043676758 0.1379824579
3452.4756103516 0.1385433972
3450.5468530274 0.1390902549
3448.6180957032 0.1397076845
3446.6893383789 0.1403139383
3444.7605810547 0.1407809108
3442.8318237305 0.1411848515
3440.9030664063 0.1416323483
3438.9743090821 0.1421789825
3437.0455517578 0.1428142339
3435.1167944336 0.1434325576
3433.1880371094 0.144001618
3431.2592797852 0.1445373446
3429.330522461  0.1450234056
3427.4017651368 0.1454624385
3425.4730078125 0.1459229589
3423.5442504883 0.146511212
3421.6154931641 0.1471822709
3419.6867358399 0.1477316171
3417.7579785157 0.1481427252
3415.8292211914 0.1485974938
3413.9004638672 0.1490927637
3411.971706543  0.1495503485
3410.0429492188 0.149975881
3408.1141918946 0.1503038257
3406.1854345704 0.1505785286
3404.2566772461 0.150998354
3402.3279199219 0.1515334696
3400.3991625977 0.1518958658
3398.4704052735 0.1520224065
3396.5416479493 0.1521781534
3394.612890625  0.1525022537
3392.6841333008 0.1527988017
3390.7553759766 0.1528639793
3388.8266186524 0.1528196037
3386.8978613282 0.1528641731
3384.9691040039 0.1529907584
3383.0403466797 0.1530656219
3381.1115893555 0.1529993415
3379.1828320313 0.1528332084
3377.2540747071 0.1525906026
3375.3253173829 0.1522429138
3373.3965600586 0.1518803388
3371.4678027344 0.1515707821
3369.5390454102 0.1511542499
3367.610288086  0.1504771858
3365.6815307618 0.149588123
3363.7527734375 0.1486430913
3361.8240161133 0.1477482766
3359.8952587891 0.1468429416
3357.9665014649 0.1458687633
3356.0377441407 0.1448681504
3354.1089868164 0.14386262
3352.1802294922 0.1428354532
3350.251472168  0.1417232454
3348.3227148438 0.1405184567
3346.3939575196 0.1393206269
3344.4652001954 0.1381366402
3342.5364428711 0.1368861496
3340.6076855469 0.1355547011
3338.6789282227 0.1341219842
3336.7501708985 0.132528767
3334.8214135743 0.1308180243
3332.89265625   0.1291280091
3330.9638989258 0.1275625825
3329.0351416016 0.1260751337
3327.1063842774 0.1244864538
3325.1776269532 0.1227221116
3323.248869629  0.1208630353
3321.3201123047 0.1190162823
3319.3913549805 0.1172464415
3317.4625976563 0.1155330986
3315.5338403321 0.1138345599
3313.6050830079 0.1121101379
3311.6763256836 0.1103380919
3309.7475683594 0.1085186824
3307.8188110352 0.1066071466
3305.890053711  0.1046102792
3303.9612963868 0.1025617421
3302.0325390625 0.1004672274
3300.1037817383 0.0984198675
3298.1750244141 0.0964710414
3296.2462670899 0.0945114493
3294.3175097657 0.0924810916
3292.3887524415 0.090424411
3290.4599951172 0.0883516595
3288.531237793  0.0862900838
3286.6024804688 0.0842986926
3284.6737231446 0.0823780224
3282.7449658204 0.0805060714
3280.8162084961 0.0786807761
3278.8874511719 0.0768918917
3276.9586938477 0.0751254782
3275.0299365235 0.0733840689
3273.1011791993 0.0716597736
3271.172421875  0.0699482933
3269.2436645508 0.0682668537
3267.3149072266 0.0666271448
3265.3861499024 0.065026857
3263.4573925782 0.0634637177
3261.528635254  0.0619410835
3259.5998779297 0.0604569428
3257.6711206055 0.059015546
3255.7423632813 0.0575839393
3253.8136059571 0.0561110228
3251.8848486329 0.0546435863
3249.9560913086 0.0532659777
3248.0273339844 0.0519941673
3246.0985766602 0.0507499799
3244.169819336  0.0494512729
3242.2410620118 0.0481528528
3240.3123046875 0.0469378643
3238.3835473633 0.0457909256
3236.4547900391 0.044715777
3234.5260327149 0.043734543
3232.5972753907 0.0427777171
3230.6685180665 0.0417970568
3228.7397607422 0.0408453941
3226.811003418  0.0399681516
3224.8822460938 0.0391523577
3222.9534887696 0.0383777656
3221.0247314454 0.0376505964
3219.0959741211 0.0369861126
3217.1672167969 0.0363712534
3215.2384594727 0.035759367
3213.3097021485 0.0351675451
3211.3809448243 0.0346403867
3209.4521875001 0.0341237523
3207.5234301758 0.0335885994
3205.5946728516 0.0330766216
3203.6659155274 0.0325828791
3201.7371582032 0.0321044177
3199.808400879  0.031665042
3197.8796435547 0.0312437173
3195.9508862305 0.0308182724
3194.0221289063 0.0303991567
3192.0933715821 0.0299954787
3190.1646142579 0.0296219103
3188.2358569336 0.0292755235
3186.3070996094 0.0289270319
3184.3783422852 0.028561376
3182.449584961  0.0281886794
3180.5208276368 0.0278351251
3178.5920703126 0.0275088586
3176.6633129883 0.0271720607
3174.7345556641 0.0268276483
3172.8057983399 0.0265651774
3170.8770410157 0.0264099706
3168.9482836915 0.0262671132
3167.0195263672 0.0260547288
3165.090769043  0.0258117598
3163.1620117188 0.0256170612
3161.2332543946 0.0254447646
3159.3044970704 0.0252478421
3157.3757397461 0.0250386707
3155.4469824219 0.0248252675
3153.5182250977 0.0245860554
3151.5894677735 0.024286909
3149.6607104493 0.0239508767
3147.7319531251 0.02363481
3145.8031958008 0.0233372748
3143.8744384766 0.0230390709
3141.9456811524 0.0227396525
3140.0169238282 0.0224200506
3138.088166504  0.0220615454
3136.1594091797 0.0216988456
3134.2306518555 0.0213681255
3132.3018945313 0.0210551564
3130.3731372071 0.0207530558
3128.4443798829 0.020472765
3126.5156225587 0.020202281
3124.5868652344 0.0199347045
3122.6581079102 0.0196897443
3120.729350586  0.0194840711
3118.8005932618 0.0193218756
3116.8718359376 0.019193612
3114.9430786133 0.0190824829
3113.0143212891 0.0189985037
3111.0855639649 0.0189453401
3109.1568066407 0.0188669041
3107.2280493165 0.0187375862
3105.2992919922 0.0186199248
3103.370534668  0.0185267441
3101.4417773438 0.0183775704
3099.5130200196 0.0181465242
3097.5842626954 0.0179266073
3095.6555053712 0.0177856218
3093.7267480469 0.0176611003
3091.7979907227 0.0175209306
3089.8692333985 0.01743914
3087.9404760743 0.0174226221
3086.0117187501 0.0174215436
3084.0829614258 0.0174693745
3082.1542041016 0.0175861567
3080.2254467774 0.0176881161
3078.2966894532 0.0177274831
3076.367932129  0.0177705195
3074.4391748047 0.0178741124
3072.5104174805 0.018000368
3070.5816601563 0.0181175359
3068.6529028321 0.0182422418
3066.7241455079 0.0183659848
3064.7953881837 0.0184851978
3062.8666308594 0.0186129808
3060.9378735352 0.0187668838
3059.009116211  0.0190015864
3057.0803588868 0.019330617
3055.1516015626 0.019677313
3053.2228442383 0.0200214107
3051.2940869141 0.0204523597
3049.3653295899 0.0209893789
3047.4365722657 0.021559814
3045.5078149415 0.022167556
3043.5790576173 0.022881709
3041.650300293  0.023710778
3039.7215429688 0.0245908219
3037.7927856446 0.0255394429
3035.8640283204 0.0266871564
3033.9352709962 0.0280723255
3032.0065136719 0.0296344925
3030.0777563477 0.031366352
3028.1489990235 0.0333295874
3026.2202416993 0.0356244184
3024.2914843751 0.0383328088
3022.3627270508 0.0414929129
3020.4339697266 0.0451430306
3018.5052124024 0.0493293703
3016.5764550782 0.0540968403
3014.647697754  0.059541624
3012.7189404298 0.0658872649
3010.7901831055 0.0734800771
3008.8614257813 0.0827745274
3006.9326684571 0.0944611207
3005.0039111329 0.1095509902
3003.0751538087 0.1291936934
3001.1463964844 0.1547580957
2999.2176391602 0.1881538332
2997.288881836  0.2315835357
2995.3601245118 0.2871583402
2993.4313671876 0.3557809889
2991.5026098633 0.4346675575
2989.5738525391 0.5151950121
2987.6450952149 0.5812473893
2985.7163378907 0.6135898829
2983.7875805665 0.6055719256
2981.8588232423 0.5716869235
2979.930065918  0.5352163315
2978.0013085938 0.5133863688
2976.0725512696 0.5135287642
2974.1437939454 0.5362305641
2972.2150366212 0.5792462826
2970.2862792969 0.6401720047
2968.3575219727 0.7179890871
2966.4287646485 0.8128504157
2964.5000073243 0.9250917435
2962.5712500001 1.0536415577
2960.6424926758 1.1927534342
2958.7137353516 1.3293973207
2956.7849780274 1.4451166391
2954.8562207032 1.5223726034
2952.927463379  1.5472730398
2950.9987060548 1.5163464546
2949.0699487305 1.4451361895
2947.1411914063 1.3552651405
2945.2124340821 1.2629400492
2943.2836767579 1.1789876223
2941.3549194337 1.1096030474
2939.4261621094 1.0559586287
2937.4974047852 1.014577508
2935.568647461  0.9793766737
2933.6398901368 0.9450958967
2931.7111328126 0.9099764824
2929.7823754884 0.874958694
2927.8536181641 0.8417165279
2925.9248608399 0.811224699
2923.9961035157 0.7828807831
2922.0673461915 0.7554591298
2920.1385888673 0.7281452417
2918.209831543  0.7004002929
2916.2810742188 0.6722199917
2914.3523168946 0.6446717381
2912.4235595704 0.61924541
2910.4948022462 0.5965821743
2908.5660449219 0.5762962103
2906.6372875977 0.5577414632
2904.7085302735 0.5404335856
2902.7797729493 0.5241050124
2900.8510156251 0.5090200901
2898.9222583009 0.4961546659
2896.9935009766 0.4868148565
2895.0647436524 0.4822646677
2893.1359863282 0.4836844206
2891.207229004  0.492094934
2889.2784716798 0.5081243515
2887.3497143555 0.5315546393
2885.4209570313 0.560395658
2883.4921997071 0.5897706747
2881.5634423829 0.6118574739
2879.6346850587 0.6192674637
2877.7059277344 0.6111109257
2875.7771704102 0.5938417315
2873.848413086  0.574170351
2871.9196557618 0.5525221825
2869.9908984376 0.5219884515
2868.0621411134 0.4734272063
2866.1333837891 0.406085223
2864.2046264649 0.331481725
2862.2758691407 0.2635706663
2860.3471118165 0.2095575035
2858.4183544923 0.1696978956
2856.489597168  0.1410315931
2854.5608398438 0.1202612966
2852.6320825196 0.1048981771
2850.7033251954 0.0932659656
2848.7745678712 0.0841399878
2846.845810547  0.0766458139
2844.9170532227 0.0703196302
2842.9882958985 0.0649787486
2841.0595385743 0.0605223738
2839.1307812501 0.0568825454
2837.2020239259 0.0539719835
2835.2732666016 0.0516171716
2833.3445092774 0.0496490374
2831.4157519532 0.047997199
2829.486994629  0.0467019267
2827.5582373048 0.0458065718
2825.6294799805 0.0451784469
2823.7007226563 0.0444999151
2821.7719653321 0.0433787219
2819.8432080079 0.0415599085
2817.9144506837 0.0391830653
2815.9856933595 0.0367057994
2814.0569360352 0.0345561765
2812.128178711  0.0328973196
2810.1994213868 0.0316188782
2808.2706640626 0.0304813702
2806.3419067384 0.0292793438
2804.4131494141 0.0279616602
2802.4843920899 0.026647659
2800.5556347657 0.0255228337
2798.6268774415 0.0246832594
2796.6981201173 0.02410236
2794.769362793  0.0237688217
2792.8406054688 0.023697
2790.9118481446 0.0238350499
2788.9830908204 0.0241005812
2787.0543334962 0.0244135633
2785.125576172  0.0246764645
2783.1968188477 0.0248268582
2781.2680615235 0.0248833243
2779.3393041993 0.0248804186
2777.4105468751 0.0248910822
2775.4817895509 0.0251326282
2773.5530322266 0.0258090962
2771.6242749024 0.0268458221
2769.6955175782 0.0278716683
2767.766760254  0.0284397248
2765.8380029298 0.0284087993
2763.9092456056 0.0280700885
2761.9804882813 0.0277889278
2760.0517309571 0.0277054012
2758.1229736329 0.0276917163
2756.1942163087 0.0274673533
2754.2654589845 0.0269253273
2752.3367016602 0.0262385421
2750.407944336  0.0255822446
2748.4791870118 0.0250117425
2746.5504296876 0.0245918632
2744.6216723634 0.0243623331
2742.6929150391 0.0242455751
2740.7641577149 0.0242037252
2738.8354003907 0.0243703295
2736.9066430665 0.0249554515
2734.9778857423 0.0260455478
2733.0491284181 0.0275024883
2731.1203710938 0.0291197058
2729.1916137696 0.0307453033
2727.2628564454 0.0321507417
2725.3340991212 0.0328188352
2723.405341797  0.0320934914
2721.4765844727 0.0298643857
2719.5478271485 0.0268693119
2717.6190698243 0.0240630955
2715.6903125001 0.0219250116
2713.7615551759 0.0204202347
2711.8327978516 0.0193602797
2709.9040405274 0.0186205469
2707.9752832032 0.0180887673
2706.046525879  0.0176440086
2704.1177685548 0.0172446016
2702.1890112306 0.0169029105
2700.2602539063 0.0166119132
2698.3314965821 0.0163831748
2696.4027392579 0.0162448138
2694.4739819337 0.0161577277
2692.5452246095 0.0160375405
2690.6164672852 0.015874587
2688.687709961  0.0157186985
2686.7589526368 0.0155726327
2684.8301953126 0.0154064726
2682.9014379884 0.0152081251
2680.9726806641 0.0149958534
2679.0439233399 0.014813683
2677.1151660157 0.0146685913
2675.1864086915 0.0145176053
2673.2576513673 0.0143613471
2671.3288940431 0.0142319193
2669.4001367188 0.0140807638
2667.4713793946 0.0138395112
2665.5426220704 0.0135352304
2663.6138647462 0.0132272122
2661.685107422  0.0129372803
2659.7563500977 0.0126599343
2657.8275927735 0.0123952311
2655.8988354493 0.0121782059
2653.9700781251 0.0120290145
2652.0413208009 0.0119052818
2650.1125634767 0.0117646949
2648.1838061524 0.0116137583
2646.2550488282 0.0114774918
2644.326291504  0.0113692749
2642.3975341798 0.0112862699
2640.4687768556 0.0112210521
2638.5400195313 0.0111650862
2636.6112622071 0.0110938577
2634.6825048829 0.0109835854
2632.7537475587 0.0108512323
2630.8249902345 0.0107286042
2628.8962329102 0.0106200436
2626.967475586  0.0105284825
2625.0387182618 0.0104669044
2623.1099609376 0.0104593476
2621.1812036134 0.0105394628
2619.2524462892 0.0106905308
2617.3236889649 0.0108533297
2615.3949316407 0.0110042412
2613.4661743165 0.0111665204
2611.5374169923 0.0113540487
2609.6086596681 0.0115414197
2607.6799023438 0.0117058409
2605.7511450196 0.0118315378
2603.8223876954 0.0118805394
2601.8936303712 0.0118520483
2599.964873047  0.0118340123
2598.0361157227 0.0119271521
2596.1073583985 0.012133643
2594.1786010743 0.0123245725
2592.2498437501 0.0123213502
2590.3210864259 0.0120419757
2588.3923291017 0.0115582999
2586.4635717774 0.0110286949
2584.5348144532 0.0105797509
2582.606057129  0.0102281813
2580.6772998048 0.00994517
2578.7485424806 0.0097349519
2576.8197851563 0.0095819924
2574.8910278321 0.0094518382
2572.9622705079 0.0093494141
2571.0335131837 0.0092664249
2569.1047558595 0.0091854865
2567.1759985353 0.0091216406
2565.247241211  0.009044271
2563.3184838868 0.0089043956
2561.3897265626 0.008724709
2559.4609692384 0.0085437763
2557.5322119142 0.0083865914
2555.6034545899 0.008276213
2553.6746972657 0.0081927953
2551.7459399415 0.0080889268
2549.8171826173 0.007966022
2547.8884252931 0.0078571206
2545.9596679688 0.0077657984
2544.0309106446 0.0077043474
2542.1021533204 0.0077070878
2540.1733959962 0.0077696457
2538.244638672  0.0078718029
2536.3158813478 0.0079989005
2534.3871240235 0.008103881
2532.4583666993 0.0081516989
2530.5296093751 0.008148375
2528.6008520509 0.0081078103
2526.6720947267 0.0080631617
2524.7433374024 0.0080540637
2522.8145800782 0.0080831777
2520.885822754  0.0081154322
2518.9570654298 0.0081044873
2517.0283081056 0.0080322297
2515.0995507813 0.0079351757
2513.1707934571 0.0078829797
2511.2420361329 0.0079088919
2509.3132788087 0.007977807
2507.3845214845 0.008024266
2505.4557641603 0.0080277994
2503.527006836  0.0080336006
2501.5982495118 0.0080398237
2499.6694921876 0.0079742474
2497.7407348634 0.0078249387
2495.8119775392 0.0076495707
2493.8832202149 0.0075067463
2491.9544628907 0.0074431202
2490.0257055665 0.0074493084
2488.0969482423 0.0074552074
2486.1681909181 0.007446886
2484.2394335938 0.0074669789
2482.3106762696 0.0075082737
2480.3819189454 0.0075521544
2478.4531616212 0.0076084728
2476.524404297  0.0076641403
2474.5956469728 0.007704189
2472.6668896485 0.0077408953
2470.7381323243 0.007764006
2468.8093750001 0.0077235037
2466.8806176759 0.007610396
2464.9518603517 0.0074760644
2463.0231030274 0.007363074
2461.0943457032 0.0072767246
2459.165588379  0.0072071315
2457.2368310548 0.0071689966
2455.3080737306 0.0071715494
2453.3793164064 0.0071882871
2451.4505590821 0.0072072367
2449.5218017579 0.0072266869
2447.5930444337 0.0072310036
2445.6642871095 0.0072027096
2443.7355297853 0.0071343915
2441.806772461  0.007048035
2439.8780151368 0.0069747427
2437.9492578126 0.0069244504
2436.0205004884 0.0068980968
2434.0917431642 0.0068912059
2432.1629858399 0.0068756631
2430.2342285157 0.0068214904
2428.3054711915 0.0067431624
2426.3767138673 0.0066810939
2424.4479565431 0.0066447137
2422.5191992189 0.0066257101
2420.5904418946 0.0066410075
2418.6616845704 0.0066866139
2416.7329272462 0.0067164516
2414.804169922  0.0067155049
2412.8754125978 0.0067197904
2410.9466552735 0.0067624343
2409.0178979493 0.0068406607
2407.0891406251 0.0069228988
2405.1603833009 0.0069858963
2403.2316259767 0.007016649
2401.3028686524 0.0070067574
2399.3741113282 0.0069747954
2397.445354004  0.0069328938
2395.5165966798 0.0068849204
2393.5878393556 0.0068691671
2391.6590820314 0.0068851835
2389.7303247071 0.00686851
2387.8015673829 0.0067828372
2385.8728100587 0.0065822648
2383.9440527345 0.0061476585
2382.0152954103 0.0054084221
2380.086538086  0.0044343853
2378.1577807618 0.0033028931
2376.2290234376 0.0019827248
2374.3002661134 0.0004442232
2372.3715087892 -0.0012326473
2370.442751465  -0.0029156676
2368.5139941407 -0.0045001768
2366.5852368165 -0.0059045982
2364.6564794923 -0.0070337281
2362.7277221681 -0.0078430753
2360.7989648439 -0.008250054
2358.8702075196 -0.0079930434
2356.9414501954 -0.00697876
2355.0126928712 -0.0054843719
2353.083935547  -0.0037444727
2351.1551782228 -0.0021977399
2349.2264208985 -0.0015693712
2347.2976635743 -0.0022214341
2345.3689062501 -0.003772856
2343.4401489259 -0.0049666553
2341.5113916017 -0.0051967143
2339.5826342775 -0.0049502761
2337.6538769532 -0.0046636984
2335.725119629  -0.0044385325
2333.7963623048 -0.0041785887
2331.8676049806 -0.0038163767
2329.9388476564 -0.00337409
2328.0100903321 -0.0028917026
2326.0813330079 -0.0023719138
2324.1525756837 -0.0018023705
2322.2238183595 -0.0011053209
2320.2950610353 -0.000256092
2318.366303711  0.0005549354
2316.4375463868 0.0011409979
2314.5087890626 0.0014934673
2312.5800317384 0.0017477084
2310.6512744142 0.0020793159
2308.72251709   0.0025277031
2306.7937597657 0.0029981353
2304.8650024415 0.0033559506
2302.9362451173 0.0035059231
2301.0074877931 0.003518658
2299.0787304689 0.0035436593
2297.1499731446 0.0036262413
2295.2212158204 0.0037679777
2293.2924584962 0.003991968
2291.363701172  0.0042808759
2289.4349438478 0.0045659477
2287.5061865236 0.0047794101
2285.5774291993 0.0049069147
2283.6486718751 0.0049700132
2281.7199145509 0.0049538319
2279.7911572267 0.004829376
2277.8623999025 0.0046423925
2275.9336425782 0.0044745822
2274.004885254  0.0043233335
2272.0761279298 0.0041445647
2270.1473706056 0.0039659222
2268.2186132814 0.0038279863
2266.2898559571 0.0037399088
2264.3610986329 0.0037379505
2262.4323413087 0.0038267067
2260.5035839845 0.0039395904
2258.5748266603 0.0040578605
2256.6460693361 0.0042249612
2254.7173120118 0.0044375234
2252.7885546876 0.0046615191
2250.8597973634 0.0048928298
2248.9310400392 0.0051177414
2247.002282715  0.0052848314
2245.0735253907 0.0053554801
2243.1447680665 0.0053474349
2241.2160107423 0.0052916706
2239.2872534181 0.0051778844
2237.3584960939 0.0050042369
2235.4297387696 0.0048300563
2233.5009814454 0.004720055
2231.5722241212 0.0046800445
2229.643466797  0.0046879733
2227.7147094728 0.004760514
2225.7859521486 0.0049181199
2223.8571948243 0.0051121628
2221.9284375001 0.0052839406
2219.9996801759 0.0054177004
2218.0709228517 0.0054850676
2216.1421655275 0.0054526934
2214.2134082032 0.0053323922
2212.284650879  0.0051528416
2210.3558935548 0.0049512396
2208.4271362306 0.0047968933
2206.4983789064 0.0047375099
2204.5696215821 0.0047525838
2202.6408642579 0.0047928891
2200.7121069337 0.0048270463
2198.7833496095 0.0048369928
2196.8545922853 0.0047958205
2194.9258349611 0.0047123088
2192.9970776368 0.0046519167
2191.0683203126 0.0046557365
2189.1395629884 0.0047050603
2187.2108056642 0.0047879945
2185.28204834   0.0049384362
2183.3532910157 0.0051477859
2181.4245336915 0.005302283
2179.4957763673 0.0053104847
2177.5670190431 0.0051886514
2175.6382617189 0.0049929246
2173.7095043947 0.004793229
2171.7807470704 0.0046637957
2169.8519897462 0.0046211481
2167.923232422  0.0046351715
2165.9944750978 0.0046729273
2164.0657177736 0.004704406
2162.1369604493 0.0047320141
2160.2082031251 0.0047633401
2158.2794458009 0.0047598332
2156.3506884767 0.0047027054
2154.4219311525 0.0046318485
2152.4931738282 0.0045873993
2150.564416504  0.004569767
2148.6356591798 0.0045580999
2146.7069018556 0.0045616054
2144.7781445314 0.0046035931
2142.8493872072 0.004655763
2140.9206298829 0.0046654702
2138.9918725587 0.0046378663
2137.0631152345 0.0046171714
2135.1343579103 0.0046193167
2133.2056005861 0.0046428898
2131.2768432618 0.0046808296
2129.3480859376 0.0047129369
2127.4193286134 0.0047301301
2125.4905712892 0.0047452562
2123.561813965  0.0047892248
2121.6330566407 0.0048953169
2119.7042993165 0.0050650449
2117.7755419923 0.0052483324
2115.8467846681 0.0053845975
2113.9180273439 0.0054630479
2111.9892700197 0.005512909
2110.0605126954 0.0055360589
2108.1317553712 0.0054724324
2106.202998047  0.0052834167
2104.2742407228 0.0050307638
2102.3454833986 0.0048049288
2100.4167260743 0.0046383636
2098.4879687501 0.0045217928
2096.5592114259 0.0044477228
2094.6304541017 0.0044184066
2092.7016967775 0.0044387262
2090.7729394533 0.00450058
2088.844182129  0.0045951428
2086.9154248048 0.0047398391
2084.9866674806 0.004925529
2083.0579101564 0.0050969711
2081.1291528322 0.0052162902
2079.2003955079 0.0052743768
2077.2716381837 0.0052858796
2075.3428808595 0.005274036
2073.4141235353 0.0052185697
2071.4853662111 0.0050915494
2069.5566088868 0.004949721
2067.6278515626 0.0048600021
2065.6990942384 0.0047827861
2063.7703369142 0.0046536173
2061.84157959   0.0044967872
2059.9128222658 0.0043796273
2057.9840649415 0.0043272027
2056.0553076173 0.0043264446
2054.1265502931 0.0043588919
2052.1977929689 0.0043817451
2050.2690356447 0.0043807775
2048.3402783204 0.0043891976
2046.4115209962 0.004397565
2044.482763672  0.0043901652
2042.5540063478 0.0043766983
2040.6252490236 0.0043241438
2038.6964916993 0.0042132507
2036.7677343751 0.0040857932
2034.8389770509 0.0039666537
2032.9102197267 0.0038468156
2030.9814624025 0.0037529378
2029.0527050783 0.0037386555
2027.123947754  0.0038009319
2025.1951904298 0.0039018723
2023.2664331056 0.0040184073
2021.3376757814 0.0041301129
2019.4089184572 0.004196784
2017.4801611329 0.0041224561
2015.5514038087 0.0038744737
2013.6226464845 0.0035983382
2011.6938891603 0.0034159804
2009.7651318361 0.0033018498
2007.8363745118 0.0032035001
2005.9076171876 0.0031254047
2003.9788598634 0.0030877308
2002.0501025392 0.003089217
2000.121345215  0.0031186778
1998.1925878908 0.0031445946
1996.2638305665 0.0031870976
1994.3350732423 0.0033299427
1992.4063159181 0.0034860908
1990.4775585939 0.0034744528
1988.5488012697 0.0033438725
1986.6200439454 0.0032035261
1984.6912866212 0.0030897644
1982.762529297  0.0030451596
1980.8337719728 0.0030602012
1978.9050146486 0.0030876526
1976.9762573243 0.0031257174
1975.0475000001 0.0032042302
1973.1187426759 0.0033554027
1971.1899853517 0.0036340463
1969.2612280275 0.0040572593
1967.3324707032 0.0044183284
1965.403713379  0.0044363728
1963.4749560548 0.004194275
1961.5461987306 0.0039369785
1959.6174414064 0.0037491256
1957.6886840822 0.00363804
1955.7599267579 0.0035937966
1953.8311694337 0.0035833041
1951.9024121095 0.0035945012
1949.9736547853 0.00363248
1948.0448974611 0.0036989183
1946.1161401368 0.0038247742
1944.1873828126 0.0039910013
1942.2586254884 0.0039865342
1940.3298681642 0.0037536167
1938.40111084   0.0035599186
1936.4723535157 0.0035086633
1934.5435961915 0.0034958764
1932.6148388673 0.0034539173
1930.6860815431 0.00339263
1928.7573242189 0.0033534723
1926.8285668947 0.003434818
1924.8998095704 0.0037047663
1922.9710522462 0.0039675939
1921.042294922  0.0040627988
1919.1135375978 0.0041709873
1917.1847802736 0.0042771376
1915.2560229493 0.0042512575
1913.3272656251 0.0042489837
1911.3985083009 0.0043504206
1909.4697509767 0.0043802806
1907.5409936525 0.0042211972
1905.6122363282 0.0040213857
1903.683479004  0.0039088461
1901.7547216798 0.0038635305
1899.8259643556 0.0038704253
1897.8972070314 0.003948472
1895.9684497072 0.0040511712
1894.0396923829 0.0041015241
1892.1109350587 0.0042094872
1890.1821777345 0.0044344896
1888.2534204103 0.0045722784
1886.3246630861 0.004605032
1884.3959057618 0.0046378924
1882.4671484376 0.0046388865
1880.5383911134 0.0045870589
1878.6096337892 0.0044701621
1876.680876465  0.0043262094
1874.7521191407 0.0042732689
1872.8233618165 0.0044422308
1870.8946044923 0.0048612324
1868.9658471681 0.0051626647
1867.0370898439 0.0048949504
1865.1083325197 0.0044229571
1863.1795751954 0.0041684783
1861.2508178712 0.0041195811
1859.322060547  0.004134451
1857.3933032228 0.0041379528
1855.4645458986 0.004150393
1853.5357885743 0.00420473
1851.6070312501 0.0043110717
1849.6782739259 0.0045096297
1847.7495166017 0.0047965269
1845.8207592775 0.0050612474
1843.8920019532 0.0049751713
1841.963244629  0.0044779559
1840.0344873048 0.004067136
1838.1057299806 0.003902891
1836.1769726564 0.0037833054
1834.2482153321 0.0037249741
1832.3194580079 0.0039736023
1830.3907006837 0.0043797577
1828.4619433595 0.0044649052
1826.5331860353 0.0043538976
1824.6044287111 0.0042298231
1822.6756713868 0.0039963569
1820.7469140626 0.0038246436
1818.8181567384 0.0038376227
1816.8893994142 0.0038958648
1814.96064209   0.0039802641
1813.0318847657 0.0042005219
1811.1031274415 0.0043840725
1809.1743701173 0.0042756214
1807.2456127931 0.0040496821
1805.3168554689 0.0040221433
1803.3880981446 0.0042785495
1801.4593408204 0.0045539667
1799.5305834962 0.0045531821
1797.601826172  0.0044556209
1795.6730688478 0.0045168493
1793.7443115236 0.0047456487
1791.8155541993 0.0047553843
1789.8867968751 0.0043114638
1787.9580395509 0.003935202
1786.0292822267 0.003869433
1784.1005249025 0.0039649033
1782.1717675782 0.0041024387
1780.243010254  0.0041788802
1778.3142529298 0.0041542086
1776.3854956056 0.0042597014
1774.4567382814 0.0046738172
1772.5279809571 0.005112791
1770.5992236329 0.0050275689
1768.6704663087 0.0046516811
1766.7417089845 0.0043692202
1764.8129516603 0.0043617422
1762.8841943361 0.0046454016
1760.9554370118 0.0048642689
1759.0266796876 0.0048506306
1757.0979223634 0.0047212327
1755.1691650392 0.0045676744
1753.240407715  0.0047480827
1751.3116503907 0.00538541
1749.3828930665 0.0058433907
1747.4541357423 0.0057102866
1745.5253784181 0.0054483945
1743.5966210939 0.0052718087
1741.6678637696 0.0051258351
1739.7391064454 0.0049980306
1737.8103491212 0.0050113592
1735.881591797  0.0054260618
1733.9528344728 0.0059866663
1732.0240771485 0.0058144266
1730.0953198243 0.0052686646
1728.1665625001 0.004799406
1726.2378051759 0.0045872424
1724.3090478517 0.0046375785
1722.3802905275 0.0047905073
1720.4515332032 0.0051849838
1718.522775879  0.0060578231
1716.5940185548 0.0065897023
1714.6652612306 0.0060251174
1712.7365039064 0.0053183986
1710.8077465821 0.0049904371
1708.8789892579 0.0051088887
1706.9502319337 0.0056202272
1705.0214746095 0.0061587119
1703.0927172853 0.0065149372
1701.163959961  0.0070734243
1699.2352026368 0.0076924376
1697.3064453126 0.0077584987
1695.3776879884 0.0073413006
1693.4489306642 0.006942994
1691.52017334   0.0070104669
1689.5914160157 0.0074650301
1687.6626586915 0.008033311
1685.7339013673 0.0088576833
1683.8051440431 0.0095505547
1681.8763867189 0.0092362268
1679.9476293946 0.0087356437
1678.0188720704 0.0085290195
1676.0901147462 0.0086290576
1674.161357422  0.0088056931
1672.2326000978 0.0090105198
1670.3038427735 0.009227871
1668.3750854493 0.0089220991
1666.4463281251 0.0084269708
1664.5175708009 0.0083445795
1662.5888134767 0.0084245428
1660.6600561525 0.0082270894
1658.7312988282 0.0080801193
1656.802541504  0.0083723934
1654.8737841798 0.0092266547
1652.9450268556 0.0097704791
1651.0162695314 0.0093418499
1649.0875122071 0.0093290228
1647.1587548829 0.0094516268
1645.2299975587 0.008809682
1643.3012402345 0.0081500364
1641.3724829103 0.0079893293
1639.443725586  0.0082727307
1637.5149682618 0.0088725574
1635.5862109376 0.0090242364
1633.6574536134 0.0083656115
1631.7286962892 0.0079306671
1629.799938965  0.0079199644
1627.8711816407 0.0080463113
1625.9424243165 0.0081505384
1624.0136669923 0.0081823757
1622.0849096681 0.0078536151
1620.1561523439 0.0074576037
1618.2273950196 0.0073570972
1616.2986376954 0.0071296548
1614.3698803712 0.0065017464
1612.441123047  0.0060172169
1610.5123657228 0.0058144005
1608.5836083985 0.0055606784
1606.6548510743 0.0050495933
1604.7260937501 0.0044392492
1602.7973364259 0.0037668811
1600.8685791017 0.0029425935
1598.9398217774 0.0020908127
1597.0110644532 0.0013757639
1595.082307129  0.0007309875
1593.1535498048 0.0001124891
1591.2247924806 -0.0003956679
1589.2960351564 -0.0007361938
1587.3672778321 -0.0008978321
1585.4385205079 -0.0008726706
1583.5097631837 -0.0007270973
1581.5810058595 -0.0005409903
1579.6522485353 -0.0002096775
1577.723491211  0.0002169009
1575.7947338868 4.44744E-05
1573.8659765626 -0.0007466857
1571.9372192384 -0.0013171496
1570.0084619142 -0.0019378426
1568.0797045899 -0.0031234799
1566.1509472657 -0.0043665781
1564.2221899415 -0.0053438656
1562.2934326173 -0.0058032069
1560.3646752931 -0.0055603334
1558.4359179689 -0.0056563132
1556.5071606446 -0.0069053909
1554.5784033204 -0.0080089523
1552.6496459962 -0.0086571602
1550.720888672  -0.0089393407
1548.7921313478 -0.0089822961
1546.8633740235 -0.0084860977
1544.9346166993 -0.0070639853
1543.0058593751 -0.0049722856
1541.0771020509 -0.0028948912
1539.1483447267 -0.0019296474
1537.2195874024 -0.0017000168
1535.2908300782 -0.0007598129
1533.362072754  0.0007754589
1531.4333154298 0.0018094399
1529.5045581056 0.0026309784
1527.5758007814 0.0039009058
1525.6470434571 0.0053576552
1523.7182861329 0.006752233
1521.7895288087 0.0082688518
1519.8607714845 0.0093552331
1517.9320141603 0.010415066
1516.003256836  0.0115945358
1514.0744995118 0.0125674624
1512.1457421876 0.0139393648
1510.2169848634 0.0160013344
1508.2882275392 0.0187774524
1506.3594702149 0.0207615271
1504.4307128907 0.0209826138
1502.5019555665 0.0216078311
1500.5731982423 0.0233188104
1498.6444409181 0.0263441186
1496.7156835938 0.0305896513
1494.7869262696 0.0350752622
1492.8581689454 0.0404182859
1490.9294116212 0.0504279919
1489.000654297  0.0684518889
1487.0718969728 0.091376178
1485.1431396485 0.116250366
1483.2143823243 0.1411857456
1481.2856250001 0.1600010693
1479.3568676759 0.1674367189
1477.4281103517 0.1687137038
1475.4993530274 0.1714254022
1473.5705957032 0.1760712117
1471.641838379  0.175739944
1469.7130810548 0.1697223186
1467.7843237306 0.1638957113
1465.8555664063 0.1637985408
1463.9268090821 0.1750771254
1461.9980517579 0.195931673
1460.0692944337 0.2275834978
1458.1405371095 0.2870508432
1456.2117797853 0.3491234481
1454.283022461  0.3451416194
1452.3542651368 0.3039501905
1450.4255078126 0.2531889379
1448.4967504884 0.2043186724
1446.5679931642 0.1662092656
1444.6392358399 0.1414208561
1442.7104785157 0.1230204105
1440.7817211915 0.1077875793
1438.8529638673 0.0952819884
1436.9242065431 0.0829814523
1434.9954492188 0.0726102889
1433.0666918946 0.0662641302
1431.1379345704 0.0618465766
1429.2091772462 0.0585734248
1427.280419922  0.0569525473
1425.3516625978 0.0568243898
1423.4229052735 0.0576986633
1421.4941479493 0.0592731051
1419.5653906251 0.0620428696
1417.6366333009 0.0653195083
1415.7078759767 0.0677288622
1413.7791186524 0.0701388791
1411.8503613282 0.0727394894
1409.921604004  0.0747300833
1407.9928466798 0.0754472539
1406.0640893556 0.0747594535
1404.1353320313 0.0729770586
1402.2065747071 0.0713922307
1400.2778173829 0.071472086
1398.3490600587 0.0742614269
1396.4203027345 0.0816606358
1394.4915454103 0.0974891707
1392.562788086  0.1252996624
1390.6340307618 0.1674485952
1388.7052734376 0.2161802799
1386.7765161134 0.2266632766
1384.8477587892 0.1793724597
1382.9190014649 0.1254717559
1380.9902441407 0.0949186757
1379.0614868165 0.0905612186
1377.1327294923 0.1081515029
1375.2039721681 0.1421348155
1373.2752148438 0.1751276851
1371.3464575196 0.1957093179
1369.4177001954 0.2104077786
1367.4889428712 0.2034934908
1365.560185547  0.1645193547
1363.6314282227 0.1171025261
1361.7026708985 0.0849605426
1359.7739135743 0.071077019
1357.8451562501 0.0663492605
1355.9163989259 0.0657507479
1353.9876416017 0.0674506947
1352.0588842774 0.0702994838
1350.1301269532 0.073714368
1348.201369629  0.0771757364
1346.2726123048 0.0800637528
1344.3438549806 0.082074061
1342.4150976563 0.0830648467
1340.4863403321 0.0826847404
1338.5575830079 0.080289416
1336.6288256837 0.0762623921
1334.7000683595 0.0715739951
1332.7713110352 0.0666678548
1330.842553711  0.0618551411
1328.9137963868 0.0574662313
1326.9850390626 0.0538827702
1325.0562817384 0.0514887422
1323.1275244142 0.0507004373
1321.1987670899 0.0517745689
1319.2700097657 0.0547079705
1317.3412524415 0.0593379699
1315.4124951173 0.0659402311
1313.4837377931 0.0760155916
1311.5549804688 0.0917906091
1309.6262231446 0.1138803214
1307.6974658204 0.1346880496
1305.7687084962 0.139368549
1303.839951172  0.1271761656
1301.9111938477 0.1141587347
1299.9824365235 0.1082269847
1298.0536791993 0.1046945751
1296.1249218751 0.1005081981
1294.1961645509 0.0973685309
1292.2674072267 0.0959327444
1290.3386499024 0.0952167138
1288.4098925782 0.0945052058
1286.481135254  0.0933770984
1284.5523779298 0.0912834108
1282.6236206056 0.0880413055
1280.6948632813 0.0842903927
1278.7661059571 0.0809737518
1276.8373486329 0.0785937235
1274.9085913087 0.077386193
1272.9798339845 0.0775927678
1271.0510766602 0.0791104659
1269.122319336  0.0813553631
1267.1935620118 0.0836424604
1265.2648046876 0.0855750069
1263.3360473634 0.0868949294
1261.4072900392 0.087308906
1259.4785327149 0.08692687
1257.5497753907 0.0864666924
1255.6210180665 0.0866629332
1253.6922607423 0.0877624676
1251.7635034181 0.0895281956
1249.8347460938 0.0915911123
1247.9059887696 0.0939274952
1245.9772314454 0.0968150496
1244.0484741212 0.1006570682
1242.119716797  0.1061913669
1240.1909594727 0.1147974879
1238.2622021485 0.1285916269
1236.3334448243 0.1483896077
1234.4046875001 0.1695301533
1232.4759301759 0.1816001832
1230.5471728516 0.1774478257
1228.6184155274 0.1615513563
1226.6896582032 0.1439102441
1224.760900879  0.129573077
1222.8321435548 0.117430672
1220.9033862306 0.1052186489
1218.9746289063 0.0928064957
1217.0458715821 0.0815683901
1215.1171142579 0.072487466
1213.1883569337 0.0654960945
1211.2595996095 0.0604093708
1209.3308422852 0.0575946681
1207.402084961  0.0574398488
1205.4733276368 0.0596671999
1203.5445703126 0.0632211789
1201.6158129884 0.0668435097
1199.6870556641 0.0695687905
1197.7582983399 0.0705440044
1195.8295410157 0.0691561699
1193.9007836915 0.0656803697
1191.9720263673 0.061116606
1190.0432690431 0.0563004389
1188.1145117188 0.0516184829
1186.1857543946 0.0473810509
1184.2569970704 0.043836616
1182.3282397462 0.0410079248
1180.399482422  0.0389586948
1178.4707250977 0.0378618091
1176.5419677735 0.0378917791
1174.6132104493 0.0394467302
1172.6844531251 0.0432656892
1170.7556958009 0.0501353554
1168.8269384766 0.0598239452
1166.8981811524 0.0695427209
1164.9694238282 0.0747096688
1163.040666504  0.073018983
1161.1119091798 0.0666273832
1159.1831518556 0.0595415048
1157.2543945313 0.0547214188
1155.3256372071 0.0536953136
1153.3968798829 0.0574529357
1151.4681225587 0.066396676
1149.5393652345 0.0781963393
1147.6106079102 0.0868077949
1145.681850586  0.0870970935
1143.7530932618 0.0807613581
1141.8243359376 0.0745782256
1139.8955786134 0.0738562271
1137.9668212891 0.0790698156
1136.0380639649 0.0863046721
1134.1093066407 0.0903665572
1132.1805493165 0.0892224312
1130.2517919923 0.084906742
1128.323034668  0.0802687407
1126.3942773438 0.0766982511
1124.4655200196 0.0744271576
1122.5367626954 0.0736237988
1120.6080053712 0.075074859
1118.679248047  0.0805399716
1116.7504907227 0.0934215561
1114.8217333985 0.1187588274
1112.8929760743 0.1593157947
1110.9642187501 0.2085874826
1109.0354614259 0.2505155802
1107.1067041016 0.2708117664
1105.1779467774 0.2657372952
1103.2491894532 0.2398026139
1101.320432129  0.2015305459
1099.3916748048 0.1608486325
1097.4629174805 0.125796929
1095.5341601563 0.0999648198
1093.6054028321 0.0830913633
1091.6766455079 0.0734739751
1089.7478881837 0.0698667988
1087.8191308595 0.0726082399
1085.8903735352 0.0836773887
1083.961616211  0.1027646735
1082.0328588868 0.1201435104
1080.1041015626 0.121146515
1078.1753442384 0.1056852043
1076.2465869141 0.0889693648
1074.3178295899 0.0817558393
1072.3890722657 0.0841517746
1070.4603149415 0.0920226723
1068.5315576173 0.1034498438
1066.602800293  0.1223580316
1064.6740429688 0.1569898427
1062.7452856446 0.2160731107
1060.8165283204 0.3071584702
1058.8877709962 0.4318628013
1056.959013672  0.5654400587
1055.0302563477 0.6312237978
1053.1014990235 0.5704148412
1051.1727416993 0.4408454299
1049.2439843751 0.3170266449
1047.3152270509 0.225634262
1045.3864697266 0.1668216139
1043.4577124024 0.1328365058
1041.5289550782 0.1164093018
1039.600197754  0.1140752137
1037.6714404298 0.1269417852
1035.7426831055 0.1590950042
1033.8139257813 0.2096876204
1031.8851684571 0.2597822845
1029.9564111329 0.2775523365
1028.0276538087 0.2575287223
1026.0988964845 0.2295550853
1024.1701391602 0.2190354317
1022.241381836  0.2289653122
1020.3126245118 0.2480724752
1018.3838671876 0.2632761002
1016.4551098634 0.2683732808
1014.5263525391 0.263867259
1012.5975952149 0.2505088449
1010.6688378907 0.2270424068
1008.7400805665 0.1951675117
1006.8113232423 0.1615187228
1004.882565918  0.1326787323
1002.9538085938 0.1114434972
1001.0250512696 0.0977973118
999.0962939454  0.0914464071
997.1675366212  0.0936348662
995.238779297   0.1055481359
993.3100219727  0.1214269921
991.3812646485  0.1265015304
989.4525073243  0.1122689992
987.5237500001  0.0883451253
985.5949926759  0.0688373595
983.6662353516  0.0594447292
981.7374780274  0.0594492704
979.8087207032  0.0643688217
977.879963379   0.0664532334
975.9512060548  0.060738463
974.0224487305  0.0502451621
972.0936914063  0.040733587
970.1649340821  0.034503933
968.2361767579  0.0309231896
966.3074194337  0.028913917
964.3786621095  0.0279397406
962.4499047852  0.0279750489
960.521147461   0.029201068
958.5923901368  0.0318714418
956.6636328126  0.0365723558
954.7348754884  0.0443799943
952.8061181641  0.0560046732
950.8773608399  0.0694662631
948.9486035157  0.0793505535
947.0198461915  0.0824095979
945.0910888673  0.0828803405
943.162331543   0.0858904868
941.2335742188  0.0891770348
939.3048168946  0.0893880203
937.3760595704  0.0905551314
935.4473022462  0.0952067226
933.518544922   0.0948226005
931.5897875977  0.0816006884
929.6610302735  0.0615231767
927.7322729493  0.0447189361
925.8035156251  0.0342933647
923.8747583009  0.028892586
921.9460009766  0.0277091525
920.0172436524  0.0305657368
918.0884863282  0.0344831944
916.159729004   0.0341427103
914.2309716798  0.0287518688
912.3022143555  0.0228896495
910.3734570313  0.0195525195
908.4446997071  0.0179246645
906.5159423829  0.0164380707
904.5871850587  0.0147617254
902.6584277345  0.013335146
900.7296704102  0.0123194857
898.800913086   0.0115822796
896.8721557618  0.0111004701
894.9433984376  0.010968294
893.0146411134  0.0112676201
891.0858837891  0.0119693261
889.1571264649  0.0131455055
887.2283691407  0.0154103087
885.2996118165  0.0195371117
883.3708544923  0.0247330479
881.442097168   0.0278452821
879.5133398438  0.0264043584
877.5845825196  0.021803217
875.6558251954  0.017218018
873.7270678712  0.014272525
871.798310547   0.0128832525
869.8695532227  0.0123096332
867.9407958985  0.011775733
866.0120385743  0.01082379
864.0832812501  0.009566485
862.1545239259  0.0085696494
860.2257666016  0.008399602
858.2970092774  0.0091764703
856.3682519532  0.0103887646
854.439494629   0.0112418253
852.5107373048  0.0110303676
850.5819799805  0.0097306101
848.6532226563  0.0085651353
846.7244653321  0.0090444032
844.7957080079  0.0114519503
842.8669506837  0.0146280285
840.9381933595  0.0172489919
839.0094360352  0.0202853531
837.080678711   0.0272643324
835.1519213868  0.0393078513
833.2231640626  0.0526019074
831.2944067384  0.0644719303
829.3656494141  0.0749750212
827.4368920899  0.0788190216
825.5081347657  0.0679903105
823.5793774415  0.0459768698
821.6506201173  0.0247235931
819.721862793   0.0089115296
817.7931054688  -0.0042626737
815.8643481446  -0.0165252127
813.9355908204  -0.0289972238
812.0068334962  -0.0404495634
810.078076172   -0.0377208479
808.1493188477  -0.0011307788
806.2205615235  0.0470504723
804.2918041993  0.2421922833
802.3630468751  0.4235154688
800.4342895509  0.1109712496
798.5055322266  -0.1439079642
796.5767749024  0.0448405556
794.6480175782  0.0687413663
792.719260254   -0.1667188108
790.7905029298  -0.1900285631
788.8617456055  0.1947650909
786.9329882813  0.3204157948
785.0042309571  0.072049357
783.0754736329  -0.149456203
781.1467163087  0.0725005567
779.2179589845  0.1235067099
777.2892016602  0.0050999834
775.360444336   -0.2599061728
773.4316870118  -0.159843564
771.5029296876  -0.0764286891
769.5741723634  -0.0719494596
767.6454150391  0.0722126514
765.7166577149  0.113954179
763.7879003907  0.2819894254
761.8591430665  0.4485915601
759.9303857423  0.2041836828
758.001628418   -0.0193103869
756.0728710938  -0.1507599056
754.1441137696  0.1706035435
752.2153564454  0.702567637
750.2865991212  0.1003305539
748.357841797   -0.03807294
746.4290844727  0.0245508552
744.5003271485  0.0398610532
742.5715698243  -0.3511748016
740.6428125001  -0.0096954834
738.7140551759  0.116673395
736.7852978516  -0.0116743576
734.8565405274  -0.0361722969
732.9277832032  -0.0304039102
730.999025879   -0.0261203386
729.0702685548  -0.0284799468
727.1415112305  -0.0263497438
725.2127539063  -0.0132364267
723.2839965821  0.0006349031
721.3552392579  0.0084900288
719.4264819337  0.0148103088
717.4977246095  0.0198153369
715.5689672852  0.0193416327
713.640209961   0.015432436
711.7114526368  0.0154354936
709.7826953126  0.0264932215
707.8539379884  0.0404918455
705.9251806641  0.0405840091
703.9964233399  0.033448644
702.0676660157  0.035280481
700.1389086915  0.0382832475
698.2101513673  0.0271964483
696.281394043   0.0139620593
694.3526367188  0.0205516014
692.4238793946  0.0463345088
690.4951220704  0.079944618
688.5663647462  0.080504261
686.637607422   0.0053501604
684.7088500977  -0.0849599168
682.7800927735  -0.082910344
680.8513354493  -0.0027499944
678.9225781251  0.0052564284
676.9938208009  -0.0386754572
675.0650634766  -0.1097714901
673.1363061524  -0.1403026581
671.2075488282  0.0538032129
669.278791504   0.188948378
667.3500341798  0.0663417801
665.4212768555  -0.1534293145
663.4925195313  -0.2550165951
661.5637622071  -0.2145156562
659.6350048829  -0.4139533937
657.7062475587  -0.2360578328
655.7774902345  -0.3316044211
653.8487329102  -0.1864172071
651.919975586   -0.0790075734
649.9912182618  -0.0460270718
648.0624609376  -0.1642885804
646.1337036134  -0.158287257
644.2049462891  -0.0702988803
642.2761889649  0.4051674008
640.3474316407  0.1580100209
638.4186743165  0.1247549132
636.4899169923  0.06395448
634.561159668   -0.0233980622
632.6324023438  0.1578135937
630.7036450196  -0.074513711
628.7748876954  0.1107844263
626.8461303712  0.1863044947
624.917373047   -0.0087074507
622.9886157227  -0.0786862597
621.0598583985  0.0255163535
619.1311010743  0.3314408362
617.2023437501  -0.0049338969
615.2735864259  -0.1144589186
613.3448291016  -0.1418173313
611.4160717774  -0.1167139187
609.4873144532  -0.187931031
607.558557129   -0.3072032034
605.6297998048  0.0170038193
603.7010424805  0.388546288
601.7722851563  0.3972453773
599.8435278321  0.5453386307
597.9147705079  0.6727846861
595.9860131837  0.1415888071
594.0572558595  0.0462538749
592.1284985352  0.1371966153
590.199741211   0.0533668622
588.2709838868  -0.0411144942
586.3422265626  0.0227262583
584.4134692384  0.0701740533
582.4847119141  -0.1519057006
580.5559545899  -0.2473059148
578.6271972657  -0.2082123756
576.6984399415  -0.4097368717
574.7696826173  -0.3183662295
572.840925293   -0.7125615478
570.9121679688  -0.1581154764
568.9834106446  0.2818077505
567.0546533204  -0.0844766125
565.1258959962  -0.4808673561
563.197138672   -0.4608643353
561.2683813477  -0.1386199147
559.3396240235  -0.0089205243
557.4108666993  -0.1764084995
555.4821093751  -0.0863305554
553.5533520509  0.335280776
551.6245947266  -0.1780240089
549.6958374024  -0.5051603913
547.7670800782  -0.1951375604
545.838322754   0.0056355414
543.9095654298  0.3405818641
541.9808081055  0.2904561162
540.0520507813  -0.1639448851
538.1232934571  -0.4208739996
536.1945361329  -0.4963696897
534.2657788087  -0.2556319237
532.3370214845  -0.115545027
530.4082641602  0.0269471966
528.479506836   0.0282644536
526.5507495118  0.1238412112
524.6219921876  0.0972979814
522.6932348634  0.1038055047
520.7644775391  0.104513295
518.8357202149  0.1647272855
516.9069628907  0.2977420688
514.9782055665  0.3402934074
513.0494482423  0.3688951433
511.120690918   0.4449139535
509.1919335938  0.2212052494
507.2631762696  -0.0151356244
505.3344189454  -0.2012524158
503.4056616212  -0.1217818484
501.476904297   0.1688389778
499.5481469727  0.4511322081
497.6193896485  0.471078366
495.6906323243  0.118194446
493.7618750001  -0.2766655684
491.8331176759  -0.0167492814
489.9043603516  -0.1086381301
487.9756030274  -0.1096298099
486.0468457032  0.0561405979
484.118088379   0.1559660733
482.1893310548  0.2675413787
480.2605737305  0.2607817054
478.3318164063  0.2453587502
476.4030590821  0.3745121062
474.4743017579  0.030053148
472.5455444337  -0.2768056989
470.6167871095  -0.082678616
468.6880297852  -0.0245472584
466.759272461   0.0741459578
464.8305151368  0.2948909402
462.9017578126  0.2611513138
460.9730004884  0.2281419486
459.0442431641  0.2400821149
457.1154858399  -0.0502974205
455.1867285157  -0.1041553766
453.2579711915  -0.2218090147
451.3292138673  -0.5299645066
449.400456543   0.1207276583
447.4716992188  -0.0637043118
445.5429418946  -0.0842636675
443.6141845704  0.3002742529
441.6854272462  0.6143147945
439.756669922   0.3195649385
437.8279125977  -0.0683536083
435.8991552735  -0.1845754832
433.9703979493  -0.4368714094
432.0416406251  -0.1787018776
430.1128833009  -0.1908313781
428.1841259766  -0.3313151002
426.2553686524  -0.460729748
424.3266113282  -0.2571243942
422.397854004   -0.1236838922
420.4690966798  0.1808360666
418.5403393555  0.7391228676
416.6115820313  0.1638261378
414.6828247071  0.0153582785
412.7540673829  0.3564058244
410.8253100587  0.2106892467
408.8965527345  0.2277925164
406.9677954102  0.1305100918
405.039038086   -0.2859141231
403.1102807618  -0.2001960576
401.1815234376  -0.0118555035
399.2527661134  0.0065478114
