0.07324522038828081 535.0 1 
-0.02154270605730185 588.0 1 
-0.03659714999077973 657.0 1 
0.052345027122003784 730.0 1 
-0.4098045258217631 797.0 1 
0.05839217568295679 850.0 1 
-0.2614377607614872 864.0 1 
0.0572153988538848 881.0 1 
0.4479739138969823 921.0 1 
-0.07168212883880962 953.0 1 
0.016491965062531817 962.0 1 
-0.1980995083323021 972.0 1 
0.6332477178309794 1024.0 1 
-0.03150478300296619 1046.0 1 
-1.0 1093.0 1 
0.8853285216494824 1113.0 1 
-0.00910998301051765 1135.0 1 
0.37620420563192025 1167.0 1 
-0.2749028003127229 1197.0 1 
0.6615584612630164 1228.0 1 
-0.4260914371295661 1250.0 1 
-0.4331156649275467 1260.0 1 
0.01711487549323937 1283.0 1 
-0.38670417494722065 1313.0 1 
0.21476839649416593 1331.0 1 
-0.7356944245923924 1356.0 1 
0.2398652013070603 1415.0 1 
-0.03793358814191137 1427.0 1 
0.07380720904590585 1439.0 1 
0.7230546847425787 1502.0 1 
-0.19237277006814044 1527.0 1 
0.004027095237014442 1569.0 1 
