1.0 803.2470947265 1 
-0.9639171238178784 808.0685058593 1 
0.015772851802097344 816.7470458984 1 
0.016667775734468964 826.389868164 1 
-0.0023064809190532975 836.9969726562 1 
0.002940493276129023 846.6397949218 1 
-0.0008394847519660447 851.4612060546 1 
0.000832488246403519 856.2826171875 1 
0.0011506454113857881 866.8897216796 1 
0.0031867830606681974 878.4611083984 1 
0.0008119303496325946 901.6038818359 1 
6.594193171078064e-05 909.3181396484 1 
0.00019301936099875615 916.0681152343 1 
0.0023373230928506305 932.4609130859 1 
-0.0019519024932028923 950.7822753906 1 
-0.0005179332427009661 968.1393554687 1 
-0.0008261524923183378 978.7464599609 1 
0.0034017351078020302 991.2821289062 1 
0.0008868084122103635 1010.5677734375 1 
0.0006210051445257444 1021.1748779297 1 
-0.00032190319956753606 1027.9248535156 1 
0.00026652263421237293 1035.6391113281 1 
-0.009543862366916659 1054.9247558593 1 
0.0012829022796735923 1082.8889404297 1 
0.003427216668807359 1107.9602783203 1 
-0.0024886671530081734 1133.0316162109 1 
0.0012415520259301048 1148.4601318359 1 
0.0006492043124137001 1163.8886474609 1 
0.00025777300577850613 1181.245727539 1 
0.0012687067801925805 1196.674243164 1 
-0.0002859029013341596 1210.1741943359 1 
-0.0003829374529667507 1215.9598876953 1 
0.002183346684065603 1231.3884033203 1 
0.0012347153795959688 1249.709765625 1 
0.0011854840658928657 1280.566796875 1 
-0.0017724978098219981 1299.8524414062 1 
-0.0003355605063129688 1313.3523925781 1 
-0.0002561424416489305 1337.4594482422 1 
-0.0003955077169591331 1349.0308349609 1 
-0.00192146529611748 1366.387915039 1 
0.000134628113508919 1382.7807128906 1 
-0.0007527771064874329 1399.1735107422 1 
-0.00048299334401590856 1420.3877197265 1 
-0.0004587746709148582 1432.9233886719 1 
-0.0012020881110816166 1455.1018798828 1 
0.00219490983491913 1472.4589599609 1 
-3.736975895658219e-05 1494.6374511719 1 
0.00012300101896403634 1501.3874267578 1 
-0.0001639089955089788 1507.1731201172 1 
0.00022041923274476293 1517.7802246094 1 
0.00012527102000717106 1524.5302001953 1 
-1.617775391304485e-05 1531.2801757812 1 
0.0003320915610569108 1537.0658691406 1 
-0.0004272824029220732 1541.8872802734 1 
0.0004359894022283695 1550.5658203125 1 
-2.9014449952743484e-05 1557.3157958984 1 
0.0003572161031188365 1565.9943359375 1 
-0.00012984832258006488 1575.6371582031 1 
6.945350609440929e-05 1584.3156982422 1 
-9.346436219855292e-06 1589.137109375 1 
0.0002142166946832398 1596.8513671875 1 
-0.00023444421571549223 1602.6370605469 1 
-5.9883266954808305e-05 1612.2798828125 1 
0.00011569012358567744 1618.0655761719 1 
-2.6861679010427894e-05 1623.8512695312 1 
0.0003740652657911184 1635.42265625 1 
0.00011225315017529737 1652.7797363281 1 
-8.546074349717172e-05 1657.6011474609 1 
6.54996545122356e-05 1662.4225585937 1 
-4.0918633826835116e-05 1666.2796875 1 
0.0001668290907475653 1672.0653808594 1 
-6.661334047001768e-05 1678.8153564453 1 
3.7886637128375784e-05 1682.6724853516 1 
-0.0004869685101618675 1697.13671875 1 
-0.0002892652737712911 1712.565234375 1 
0.0002929420360242558 1729.9223144531 1 
0.00018931062690011343 1740.5294189453 1 
0.0004884232291402145 1750.1722412109 1 
-9.965091433723708e-05 1760.7793457031 1 
0.00026892052263821956 1769.4578857422 1 
0.00021852223656787097 1775.2435791016 1 
-2.3744424056827357e-05 1780.0649902344 1 
0.0001470172037091263 1785.8506835937 1 
-0.00025593995329297007 1792.6006591797 1 
