0.03485006164127567 535.0 0 
0.008570015636650894 588.0 0 
0.08245515361407053 656.0 0 
0.01854816032089901 730.0 0 
0.04674838478743159 797.0 0 
0.13021076637622928 864.0 0 
0.14183815387558127 921.0 0 
0.09064084232983509 968.0 0 
0.12565722617150488 978.0 0 
0.5248881661824416 1025.0 0 
1.0 1093.0 0 
0.31784114928095525 1132.0 0 
0.11141095485925119 1166.0 0 
0.0558178236131564 1197.0 0 
0.5201209656603544 1245.0 0 
0.04539865905666176 1282.0 0 
0.15691455258171594 1314.0 0 
0.08735894425844953 1331.0 0 
0.09060811296396833 1343.0 0 
0.1599588257415354 1356.0 0 
0.17028077133295413 1414.0 0 
0.254404932811146 1437.0 0 
0.40460558354284193 1502.0 0 
0.2546590210023767 1527.0 0 
