0.6332684998127803 511.120690918 0 
0.1762694503390568 526.5507495118 0 
0.4847673678142963 543.9095654298 0 
0.47722206139705803 553.5533520509 0 
-0.012697032755580798 559.3396240235 0 
0.4011112036178233 568.9834106446 0 
-0.453146733116601 574.7696826173 0 
-0.2963591896846794 578.6271972657 0 
0.09988227411049962 584.4134692384 0 
0.19527887149177067 592.1284985352 0 
0.9576084218351207 597.9147705079 0 
-0.16612481496923834 611.4160717774 0 
0.4717564811485901 619.1311010743 0 
0.26517659637089147 626.8461303712 0 
0.22462405808196942 632.6324023438 0 
0.5766952240073079 642.2761889649 0 
-0.06551265582988987 649.9912182618 0 
-0.3359930352157681 657.7062475587 0 
-0.3053309673015866 661.5637622071 0 
0.26893976899764316 669.278791504 0 
0.007481740010748601 678.9225781251 0 
0.11458578044351336 688.5663647462 0 
0.05449047961200069 700.1389086915 0 
0.057765269794230495 705.9251806641 0 
0.02820416975739519 717.4977246095 0 
-0.03717839710285431 730.999025879 0 
0.16606713554043195 738.7140551759 0 
0.056736250149820096 744.5003271485 0 
1.0 752.2153564454 0 
0.6385030230192626 761.8591430665 0 
0.17579333774521697 779.2179589845 0 
0.4560639829187008 786.9329882813 0 
0.09784305834741999 794.6480175782 0 
0.60281095583684 802.3630468751 0 
0.1121870940946857 827.4368920899 0 
0.016001057703146093 854.439494629 0 
0.03963359630241551 881.442097168 0 
0.049081672118068256 918.0884863282 0 
0.13551253656735116 935.4473022462 0 
0.09458624323169615 977.879963379 0 
0.18005601701235208 991.3812646485 0 
0.38198924440352494 1016.4551098634 0 
0.3950542579575153 1029.9564111329 0 
0.8984527105395264 1055.0302563477 0 
0.17243395314549623 1080.1041015626 0 
0.3854600641105249 1107.1067041016 0 
0.12862328470731993 1134.1093066407 0 
0.12396969190312988 1145.681850586 0 
0.10633804471696723 1164.9694238282 0 
0.10040884419502516 1197.7582983399 0 
0.2584807122278534 1232.4759301759 0 
0.12427117533169266 1261.4072900392 0 
0.19837029441764623 1305.7687084962 0 
0.11823039138934889 1342.4150976563 0 
0.29948401765053123 1369.4177001954 0 
0.32262128891655734 1386.7765161134 0 
0.1073878868405662 1407.9928466798 0 
0.4969250357030038 1456.2117797853 0 
0.2506110478584427 1473.5705957032 0 
-0.007914303345572407 1560.3646752931 0 
0.0003087260052657393 1577.723491211 0 
0.011646388573972984 1624.0136669923 0 
0.012844651425354509 1635.5862109376 0 
0.013452977766466631 1647.1587548829 0 
0.013906816348274237 1652.9450268556 0 
0.011991077237735048 1662.5888134767 0 
0.013134494835833151 1670.3038427735 0 
0.013593786842760592 1683.8051440431 0 
0.011043063032520525 1697.3064453126 0 
0.00937945608786987 1716.5940185548 0 
0.008521124493526877 1733.9528344728 0 
0.00831719309610044 1749.3828930665 0 
0.006923559588896918 1760.9554370118 0 
0.00727729364510993 1772.5279809571 0 
0.005948011237528722 1780.243010254 0 
0.006768578638642873 1791.8155541993 0 
0.006481890796230912 1801.4593408204 0 
0.0062400718010869605 1811.1031274415 0 
0.006355125065346555 1828.4619433595 0 
0.007203929036087952 1845.8207592775 0 
0.007348281401125796 1868.9658471681 0 
0.006602761436334136 1882.4671484376 0 
0.006234674598312019 1909.4697509767 0 
0.0060878659573099575 1917.1847802736 0 
0.005680593710581063 1944.1873828126 0 
0.006314513459435081 1965.403713379 0 
0.004961929096087869 1992.4063159181 0 
