1798.3863525391 4.193E-06
1797.4220703125 1.993E-06
1796.4577880859 -2.819E-07
1795.4935058594 -2.3049E-06
1794.5292236328 -3.8344E-06
1793.5649414062 -4.7019E-06
1792.6006591797 -4.8031E-06
1791.6363769531 -4.1517E-06
1790.6720947266 -2.9341E-06
1789.7078125    -1.447E-06
1788.7435302734 3.45E-08
1787.7792480469 1.3168E-06
1786.8149658203 2.2635E-06
1785.8506835937 2.759E-06
1784.8864013672 2.7186E-06
1783.9221191406 2.1472E-06
1782.9578369141 1.205E-06
1781.9935546875 2.134E-07
1781.0292724609 -4.357E-07
1780.0649902344 -4.456E-07
1779.1007080078 2.351E-07
1778.1364257812 1.3899E-06
1777.1721435547 2.6473E-06
1776.2078613281 3.6342E-06
1775.2435791016 4.1009E-06
1774.279296875  4.0292E-06
1773.3150146484 3.7028E-06
1772.3507324219 3.591E-06
1771.3864501953 3.9697E-06
1770.4221679687 4.6256E-06
1769.4578857422 5.0467E-06
1768.4936035156 4.8629E-06
1767.5293212891 4.0592E-06
1766.5650390625 2.8721E-06
1765.6007568359 1.5772E-06
1764.6364746094 3.62E-07
1763.6721923828 -6.672E-07
1762.7079101562 -1.4245E-06
1761.7436279297 -1.8314E-06
1760.7793457031 -1.8701E-06
1759.8150634766 -1.6094E-06
1758.85078125   -1.1368E-06
1757.8864990234 -4.691E-07
1756.9222167969 4.519E-07
1755.9579345703 1.6747E-06
1754.9936523437 3.1565E-06
1754.0293701172 4.762E-06
1753.0650878906 6.3198E-06
1752.1008056641 7.6692E-06
1751.1365234375 8.6647E-06
1750.1722412109 9.166E-06
1749.2079589844 9.0549E-06
1748.2436767578 8.2988E-06
1747.2793945312 7.0162E-06
1746.3151123047 5.4861E-06
1745.3508300781 4.0827E-06
1744.3865478516 3.1479E-06
1743.422265625  2.842E-06
1742.4579833984 3.0496E-06
1741.4937011719 3.419E-06
1740.5294189453 3.5527E-06
1739.5651367187 3.2459E-06
1738.6008544922 2.5874E-06
1737.6365722656 1.8562E-06
1736.6722900391 1.3603E-06
1735.7080078125 1.3444E-06
1734.7437255859 1.9253E-06
1733.7794433594 2.9769E-06
1732.8151611328 4.1275E-06
1731.8508789062 5.0021E-06
1730.8865966797 5.4486E-06
1729.9223144531 5.4975E-06
1728.9580322266 5.2396E-06
1727.99375  4.7803E-06
1727.0294677734 4.2415E-06
1726.0651855469 3.7504E-06
1725.1009033203 3.4041E-06
1724.1366210937 3.2272E-06
1723.1723388672 3.1505E-06
1722.2080566406 3.0309E-06
1721.2437744141 2.6926E-06
1720.2794921875 1.9646E-06
1719.3152099609 7.287E-07
1718.3509277344 -9.702E-07
1717.3866455078 -2.7953E-06
1716.4223632812 -4.2331E-06
1715.4580810547 -5.0229E-06
1714.4937988281 -5.3287E-06
1713.5295166016 -5.4266E-06
1712.565234375  -5.4285E-06
1711.6009521484 -5.2799E-06
1710.6366699219 -4.886E-06
1709.6723876953 -4.2281E-06
1708.7081054687 -3.4134E-06
1707.7438232422 -2.6478E-06
1706.7795410156 -2.1479E-06
1705.8152587891 -2.0334E-06
1704.8509765625 -2.2823E-06
1703.8866943359 -2.7936E-06
1702.9224121094 -3.4899E-06
1701.9581298828 -4.3586E-06
1700.9938476562 -5.4179E-06
1700.0295654297 -6.6386E-06
1699.0652832031 -7.8668E-06
1698.1010009766 -8.8112E-06
1697.13671875   -9.1387E-06
1696.1724365234 -8.6641E-06
1695.2081542969 -7.5121E-06
1694.2438720703 -6.0649E-06
1693.2795898437 -4.7211E-06
1692.3153076172 -3.7059E-06
1691.3510253906 -3.0464E-06
1690.3867431641 -2.6419E-06
1689.4224609375 -2.3508E-06
1688.4581787109 -2.0582E-06
1687.4938964844 -1.6951E-06
1686.5296142578 -1.2135E-06
1685.5653320312 -5.816E-07
1684.6010498047 1.287E-07
1683.6367675781 6.529E-07
1682.6724853516 7.11E-07
1681.708203125  2.977E-07
1680.7439208984 -3.47E-07
1679.7796386719 -9.382E-07
1678.8153564453 -1.2501E-06
1677.8510742187 -1.1427E-06
1676.8867919922 -5.821E-07
1675.9225097656 3.315E-07
1674.9582275391 1.3763E-06
1673.9939453125 2.2988E-06
1673.0296630859 2.9167E-06
1672.0653808594 3.1308E-06
1671.1010986328 2.8748E-06
1670.1368164062 2.1355E-06
1669.1725341797 1.069E-06
1668.2082519531 2.17E-08
1667.2439697266 -6.517E-07
1666.2796875    -7.679E-07
1665.3154052734 -3.495E-07
1664.3511230469 3.871E-07
1663.3868408203 1.0526E-06
1662.4225585937 1.2292E-06
1661.4582763672 7.553E-07
1660.4939941406 -1.36E-07
1659.5297119141 -1.0184E-06
1658.5654296875 -1.5555E-06
1657.6011474609 -1.6038E-06
1656.6368652344 -1.1667E-06
1655.6725830078 -3.326E-07
1654.7083007812 7.18E-07
1653.7440185547 1.6531E-06
1652.7797363281 2.1066E-06
1651.8154541016 2.0298E-06
1650.851171875  1.6803E-06
1649.8868896484 1.2675E-06
1648.9226074219 8.567E-07
1647.9583251953 4.711E-07
1646.9940429687 1.972E-07
1646.0297607422 1.843E-07
1645.0654785156 5.188E-07
1644.1011962891 1.1426E-06
1643.1369140625 1.9109E-06
1642.1726318359 2.6803E-06
1641.2083496094 3.3663E-06
1640.2440673828 3.9704E-06
1639.2797851562 4.5788E-06
1638.3155029297 5.3049E-06
1637.3512207031 6.1502E-06
1636.3869384766 6.8571E-06
1635.42265625   7.0199E-06
1634.4583740234 6.5153E-06
1633.4940917969 5.6398E-06
1632.5298095703 4.7695E-06
1631.5655273437 4.1084E-06
1630.6012451172 3.6874E-06
1629.6369628906 3.4188E-06
1628.6726806641 3.136E-06
1627.7083984375 2.6577E-06
1626.7441162109 1.8929E-06
1625.7798339844 9.291E-07
1624.8155517578 2.63E-08
1623.8512695312 -5.041E-07
1622.8869873047 -4.881E-07
1621.9227050781 -3E-10
1620.9584228516 7.203E-07
1619.994140625  1.434E-06
1619.0298583984 1.9655E-06
1618.0655761719 2.1711E-06
1617.1012939453 1.9355E-06
1616.1370117187 1.2722E-06
1615.1727294922 3.94E-07
1614.2084472656 -4.076E-07
1613.2441650391 -9.344E-07
1612.2798828125 -1.1238E-06
1611.3156005859 -1.0129E-06
1610.3513183594 -7.132E-07
1609.3870361328 -3.985E-07
1608.4227539062 -2.767E-07
1607.4584716797 -5.292E-07
1606.4941894531 -1.2362E-06
1605.5299072266 -2.3132E-06
1604.565625 -3.4841E-06
1603.6013427734 -4.323E-06
1602.6370605469 -4.3997E-06
1601.6727783203 -3.4955E-06
1600.7084960937 -1.7587E-06
1599.7442138672 3.385E-07
1598.7799316406 2.2264E-06
1597.8156494141 3.4934E-06
1596.8513671875 4.0201E-06
1595.8870849609 3.948E-06
1594.9228027344 3.5236E-06
1593.9585205078 2.9314E-06
1592.9942382812 2.2338E-06
1592.0299560547 1.4495E-06
1591.0656738281 6.672E-07
1590.1013916016 6.75E-08
1589.137109375  -1.754E-07
1588.1728271484 -2.19E-08
1587.2085449219 3.937E-07
1586.2442626953 8.487E-07
1585.2799804687 1.1684E-06
1584.3156982422 1.3034E-06
1583.3514160156 1.3026E-06
1582.3871337891 1.2204E-06
1581.4228515625 1.0443E-06
1580.4585693359 6.951E-07
1579.4942871094 8.93E-08
1578.5300048828 -7.689E-07
1577.5657226562 -1.6981E-06
1576.6014404297 -2.3489E-06
1575.6371582031 -2.4368E-06
1574.6728759766 -2.0118E-06
1573.70859375   -1.3618E-06
1572.7443115234 -6.924E-07
1571.7800292969 1.77E-08
1570.8157470703 9.57E-07
1569.8514648437 2.2952E-06
1568.8871826172 3.9479E-06
1567.9229003906 5.5131E-06
1566.9586181641 6.5157E-06
1565.9943359375 6.7037E-06
1565.0300537109 6.1378E-06
1564.0657714844 5.1051E-06
1563.1014892578 3.9666E-06
1562.1372070312 2.9963E-06
1561.1729248047 2.2596E-06
1560.2086425781 1.5685E-06
1559.2443603516 6.537E-07
1558.280078125  -3E-07
1557.3157958984 -5.445E-07
1556.3515136719 3.119E-07
1555.3872314453 1.9701E-06
1554.4229492187 3.9074E-06
1553.4586669922 5.6806E-06
1552.4943847656 7.0149E-06
1551.5301025391 7.8283E-06
1550.5658203125 8.182E-06
1549.6015380859 8.1618E-06
1548.6372558594 7.7593E-06
1547.6729736328 6.8381E-06
1546.7086914062 5.1948E-06
1545.7444091797 2.6812E-06
1544.7801269531 -6.383E-07
1543.8158447266 -4.3001E-06
1542.8515625    -7.2684E-06
1541.8872802734 -8.0186E-06
1540.9229980469 -5.5257E-06
1539.9587158203 -8.703E-07
1538.9944335937 3.3835E-06
1538.0301513672 5.736E-06
1537.0658691406 6.2322E-06
1536.1015869141 5.4487E-06
1535.1373046875 3.9537E-06
1534.1730224609 2.2711E-06
1533.2087402344 8.714E-07
1532.2444580078 2.15E-08
1531.2801757812 -3.036E-07
1530.3158935547 -2.778E-07
1529.3516113281 -3.27E-08
1528.3873291015 3.897E-07
1527.423046875  9.66E-07
1526.4587646484 1.6034E-06
1525.4944824219 2.1252E-06
1524.5302001953 2.3509E-06
1523.5659179687 2.2165E-06
1522.6016357422 1.8676E-06
1521.6373535156 1.6504E-06
1520.673071289  1.9035E-06
1519.7087890625 2.6623E-06
1518.7445068359 3.5801E-06
1517.7802246094 4.1365E-06
1516.8159423828 3.9563E-06
1515.8516601562 3.0532E-06
1514.8873779297 1.8157E-06
1513.9230957031 7.283E-07
1512.9588134765 8.16E-08
1511.99453125   -1.317E-07
1511.0302490234 -1.665E-07
1510.0659667969 -4.037E-07
1509.1016845703 -1.1551E-06
1508.1374023437 -2.3126E-06
1507.1731201172 -3.076E-06
1506.2088378906 -2.6301E-06
1505.244555664  -1.2194E-06
1504.2802734375 3.178E-07
1503.3159912109 1.4626E-06
1502.3517089844 2.1024E-06
1501.3874267578 2.3083E-06
1500.4231445312 2.1895E-06
1499.4588623047 1.8268E-06
1498.4945800781 1.2615E-06
1497.5302978515 5.512E-07
1496.566015625  -1.549E-07
1495.6017333984 -6.34E-07
1494.6374511719 -7.013E-07
1493.6731689453 -2.641E-07
1492.7088867187 7.165E-07
1491.7446044922 2.2671E-06
1490.7803222656 4.3687E-06
1489.816040039  6.8428E-06
1488.8517578125 9.2863E-06
1487.8874755859 1.12553E-05
1486.9231933594 1.25674E-05
1485.9589111328 1.33554E-05
1484.9946289062 1.38857E-05
1484.0303466797 1.43945E-05
1483.0660644531 1.50214E-05
1482.1017822265 1.58087E-05
1481.1375   1.67601E-05
1480.1732177734 1.79445E-05
1479.2089355469 1.95677E-05
1478.2446533203 2.19249E-05
1477.2803710937 2.52432E-05
1476.3160888672 2.94854E-05
1475.3518066406 3.41755E-05
1474.387524414  3.83506E-05
1473.4232421875 4.08751E-05
1472.4589599609 4.11908E-05
1471.4946777344 3.97996E-05
1470.5303955078 3.77111E-05
1469.5661132812 3.56231E-05
1468.6018310547 3.37231E-05
1467.6375488281 3.18598E-05
1466.6732666015 2.96927E-05
1465.708984375  2.68176E-05
1464.7447021484 2.29842E-05
1463.7804199219 1.8305E-05
1462.8161376953 1.31875E-05
1461.8518554687 8.0232E-06
1460.8875732422 2.9594E-06
1459.9232910156 -2.1138E-06
1458.959008789  -7.4247E-06
1457.9947265625 -1.29809E-05
1457.0304443359 -1.80532E-05
1456.0661621094 -2.13817E-05
1455.1018798828 -2.2559E-05
1454.1375976562 -2.23538E-05
1453.1733154297 -2.16782E-05
1452.2090332031 -2.10732E-05
1451.2447509765 -2.07481E-05
1450.28046875   -2.06551E-05
1449.3161865234 -2.05526E-05
1448.3519042969 -2.01506E-05
1447.3876220703 -1.93111E-05
1446.4233398437 -1.81383E-05
1445.4590576172 -1.68685E-05
1444.4947753906 -1.56831E-05
1443.530493164  -1.46181E-05
1442.5662109375 -1.36017E-05
1441.6019287109 -1.2546E-05
1440.6376464844 -1.1414E-05
1439.6733642578 -1.02389E-05
1438.7090820312 -9.122E-06
1437.7447998047 -8.2265E-06
1436.7805175781 -7.7271E-06
1435.8162353515 -7.6883E-06
1434.851953125  -7.9833E-06
1433.8876708984 -8.3679E-06
1432.9233886719 -8.6096E-06
1431.9591064453 -8.556E-06
1430.9948242187 -8.1664E-06
1430.0305419922 -7.5321E-06
1429.0662597656 -6.8475E-06
1428.101977539  -6.3168E-06
1427.1376953125 -6.0675E-06
1426.1734130859 -6.1343E-06
1425.2091308594 -6.4869E-06
1424.2448486328 -7.0513E-06
1423.2805664062 -7.7186E-06
1422.3162841797 -8.359E-06
1421.3520019531 -8.8436E-06
1420.3877197265 -9.0641E-06
1419.4234375    -8.9623E-06
1418.4591552734 -8.5724E-06
1417.4948730469 -8.021E-06
1416.5305908203 -7.4444E-06
1415.5663085937 -6.9118E-06
1414.6020263672 -6.431E-06
1413.6377441406 -6.001E-06
1412.673461914  -5.6597E-06
1411.7091796875 -5.4957E-06
1410.7448974609 -5.6113E-06
1409.7806152344 -6.0559E-06
1408.8163330078 -6.7876E-06
1407.8520507812 -7.6991E-06
1406.8877685547 -8.6824E-06
1405.9234863281 -9.6734E-06
1404.9592041015 -1.06449E-05
1403.994921875  -1.15677E-05
1403.0306396484 -1.23936E-05
1402.0663574219 -1.30773E-05
1401.1020751953 -1.36003E-05
1400.1377929687 -1.39598E-05
1399.1735107422 -1.4127E-05
1398.2092285156 -1.40236E-05
1397.244946289  -1.35677E-05
1396.2806640625 -1.27782E-05
1395.3163818359 -1.18354E-05
1394.3520996094 -1.10041E-05
1393.3878173828 -1.04605E-05
1392.4235351562 -1.01787E-05
1391.4592529297 -9.9579E-06
1390.4949707031 -9.5213E-06
1389.5306884765 -8.6003E-06
1388.56640625   -7.0137E-06
1387.6021240234 -4.8008E-06
1386.6378417969 -2.3356E-06
1385.6735595703 -1.708E-07
1384.7092773437 1.3429E-06
1383.7449951172 2.1917E-06
1382.7807128906 2.5265E-06
1381.816430664  2.4963E-06
1380.8521484375 2.2039E-06
1379.8878662109 1.7208E-06
1378.9235839844 1.1054E-06
1377.9593017578 4.012E-07
1376.9950195312 -3.77E-07
1376.0307373047 -1.2628E-06
1375.0664550781 -2.3589E-06
1374.1021728515 -3.857E-06
1373.137890625  -6.0407E-06
1372.1736083984 -9.2406E-06
1371.2093261719 -1.37088E-05
1370.2450439453 -1.94036E-05
1369.2807617187 -2.57354E-05
1368.3164794922 -3.14956E-05
1367.3521972656 -3.52505E-05
1366.387915039  -3.60592E-05
1365.4236328125 -3.38946E-05
1364.4593505859 -2.94879E-05
1363.4950683594 -2.3935E-05
1362.5307861328 -1.83571E-05
1361.5665039062 -1.36112E-05
1360.6022216797 -1.00876E-05
1359.6379394531 -7.7363E-06
1358.6736572265 -6.2916E-06
1357.709375 -5.4931E-06
1356.7450927734 -5.1743E-06
1355.7808105469 -5.2368E-06
1354.8165283203 -5.5858E-06
1353.8522460937 -6.0921E-06
1352.8879638672 -6.6084E-06
1351.9236816406 -7.0177E-06
1350.959399414  -7.2711E-06
1349.9951171875 -7.3883E-06
1349.0308349609 -7.4223E-06
1348.0665527344 -7.4086E-06
1347.1022705078 -7.3314E-06
1346.1379882812 -7.1261E-06
1345.1737060547 -6.7205E-06
1344.2094238281 -6.0893E-06
1343.2451416015 -5.2943E-06
1342.280859375  -4.492E-06
1341.3165771484 -3.9006E-06
1340.3522949219 -3.7094E-06
1339.3880126953 -3.9516E-06
1338.4237304687 -4.4304E-06
1337.4594482422 -4.8069E-06
1336.4951660156 -4.7977E-06
1335.530883789  -4.3135E-06
1334.5666015625 -3.4599E-06
1333.6023193359 -2.4513E-06
1332.6380371094 -1.5116E-06
1331.6737548828 -8.029E-07
1330.7094726562 -3.969E-07
1329.7451904297 -2.825E-07
1328.7809082031 -3.919E-07
1327.8166259765 -6.286E-07
1326.85234375   -8.986E-07
1325.8880615234 -1.1484E-06
1324.9237792969 -1.3904E-06
1323.9594970703 -1.6919E-06
1322.9952148437 -2.1203E-06
1322.0309326172 -2.681E-06
1321.0666503906 -3.3003E-06
1320.102368164  -3.8733E-06
1319.1380859375 -4.3419E-06
1318.1738037109 -4.7336E-06
1317.2095214844 -5.1218E-06
1316.2452392578 -5.5442E-06
1315.2809570312 -5.9562E-06
1314.3166748047 -6.2482E-06
1313.3523925781 -6.2973E-06
1312.3881103515 -5.9941E-06
1311.423828125  -5.2601E-06
1310.4595458984 -4.0664E-06
1309.4952636719 -2.5007E-06
1308.5309814453 -8.794E-07
1307.5666992187 1.821E-07
1306.6024169922 -1.335E-07
1305.6381347656 -2.5286E-06
1304.673852539  -7.2052E-06
1303.7095703125 -1.36706E-05
1302.7452880859 -2.08387E-05
1301.7810058594 -2.73215E-05
1300.8167236328 -3.17784E-05
1299.8524414062 -3.32636E-05
1298.8881591797 -3.15056E-05
1297.9238769531 -2.70037E-05
1296.9595947265 -2.08479E-05
1295.9953125    -1.43169E-05
1295.0310302734 -8.4534E-06
1294.0667480469 -3.8162E-06
1293.1024658203 -4.71E-07
1292.1381835937 1.8538E-06
1291.1739013672 3.5701E-06
1290.2096191406 5.0807E-06
1289.245336914  6.6974E-06
1288.2810546875 8.603E-06
1287.3167724609 1.08353E-05
1286.3524902344 1.32937E-05
1285.3882080078 1.57806E-05
1284.4239257812 1.80701E-05
1283.4596435547 1.99695E-05
1282.4953613281 2.13451E-05
1281.5310791015 2.21159E-05
1280.566796875  2.22474E-05
1279.6025146484 2.1768E-05
1278.6382324219 2.07933E-05
1277.6739501953 1.95148E-05
1276.7096679687 1.81356E-05
1275.7453857422 1.67867E-05
1274.7811035156 1.54886E-05
1273.816821289  1.41906E-05
1272.8525390625 1.28561E-05
1271.8882568359 1.15214E-05
1270.9239746094 1.02804E-05
1269.9596923828 9.2108E-06
1268.9954101562 8.3138E-06
1268.0311279297 7.5232E-06
1267.0668457031 6.7739E-06
1266.1025634765 6.0675E-06
1265.13828125   5.4756E-06
1264.1739990234 5.0796E-06
1263.2097167968 4.9042E-06
1262.2454345703 4.9086E-06
1261.2811523437 5.0528E-06
1260.3168701172 5.3803E-06
1259.3525878906 6.0297E-06
1258.388305664  7.1468E-06
1257.4240234375 8.7658E-06
1256.4597412109 1.07691E-05
1255.4954589843 1.29635E-05
1254.5311767578 1.51973E-05
1253.5668945312 1.74049E-05
1252.6026123047 1.95342E-05
1251.6383300781 2.14258E-05
1250.6740478515 2.27657E-05
1249.709765625  2.31713E-05
1248.7454833984 2.23649E-05
1247.7812011718 2.03233E-05
1246.8169189453 1.73267E-05
1245.8526367187 1.38999E-05
1244.8883544922 1.06838E-05
1243.9240722656 8.2763E-06
1242.959790039  7.0753E-06
1241.9955078125 7.1734E-06
1241.0312255859 8.3689E-06
1240.0669433593 1.0315E-05
1239.1026611328 1.27423E-05
1238.1383789062 1.562E-05
1237.1740966797 1.91327E-05
1236.2098144531 2.34604E-05
1235.2455322265 2.84866E-05
1234.28125  3.36326E-05
1233.3169677734 3.79684E-05
1232.3526855468 4.05837E-05
1231.3884033203 4.09738E-05
1230.4241210937 3.91927E-05
1229.4598388672 3.56984E-05
1228.4955566406 3.10651E-05
1227.531274414  2.57805E-05
1226.5669921875 2.02034E-05
1225.6027099609 1.46175E-05
1224.6384277343 9.2947E-06
1223.6741455078 4.5129E-06
1222.7098632812 5.271E-07
1221.7455810547 -2.4938E-06
1220.7812988281 -4.5322E-06
1219.8170166015 -5.7456E-06
1218.852734375  -6.4126E-06
1217.8884521484 -6.8075E-06
1216.9241699218 -7.0736E-06
1215.9598876953 -7.1864E-06
1214.9956054687 -7.0428E-06
1214.0313232422 -6.6151E-06
1213.0670410156 -6.0419E-06
1212.102758789  -5.5676E-06
1211.1384765625 -5.3642E-06
1210.1741943359 -5.3654E-06
1209.2099121093 -5.2447E-06
1208.2456298828 -4.5567E-06
1207.2813476562 -2.9492E-06
1206.3170654297 -3.239E-07
1205.3527832031 3.1222E-06
1204.3885009765 6.9728E-06
1203.42421875   1.0744E-05
1202.4599365234 1.40551E-05
1201.4956542968 1.67518E-05
1200.5313720703 1.8911E-05
1199.5670898437 2.07096E-05
1198.6028076172 2.22311E-05
1197.6385253906 2.33523E-05
1196.674243164  2.38092E-05
1195.7099609375 2.34003E-05
1194.7456787109 2.21648E-05
1193.7813964843 2.03927E-05
1192.8171142578 1.84654E-05
1191.8528320312 1.66574E-05
1190.8885498047 1.50355E-05
1189.9242675781 1.34977E-05
1188.9599853515 1.18939E-05
1187.995703125  1.01445E-05
1187.0314208984 8.3091E-06
1186.0671386718 6.5885E-06
1185.1028564453 5.2542E-06
1184.1385742187 4.5161E-06
1183.1742919922 4.3845E-06
1182.2100097656 4.6199E-06
1181.245727539  4.8375E-06
1180.2814453125 4.7259E-06
1179.3171630859 4.234E-06
1178.3528808593 3.5808E-06
1177.3885986328 3.0765E-06
1176.4243164062 2.893E-06
1175.4600341797 2.9649E-06
1174.4957519531 3.0888E-06
1173.5314697265 3.1261E-06
1172.5671875    3.1385E-06
1171.6029052734 3.3544E-06
1170.6386230468 4.0039E-06
1169.6743408203 5.1554E-06
1168.7100585937 6.6664E-06
1167.7457763672 8.27E-06
1166.7814941406 9.7193E-06
1165.817211914  1.08816E-05
1164.8529296875 1.17171E-05
1163.8886474609 1.21833E-05
1162.9243652343 1.21741E-05
1161.9600830078 1.15747E-05
1160.9958007812 1.03935E-05
1160.0315185547 8.8534E-06
1159.0672363281 7.3517E-06
1158.1029541015 6.3076E-06
1157.138671875  6.0008E-06
1156.1743896484 6.4954E-06
1155.2101074218 7.6812E-06
1154.2458251953 9.381E-06
1153.2815429687 1.14553E-05
1152.3172607422 1.38435E-05
1151.3529785156 1.65018E-05
1150.388696289  1.92682E-05
1149.4244140625 2.17427E-05
1148.4601318359 2.32996E-05
1147.4958496093 2.32949E-05
1146.5315673828 2.13714E-05
1145.5672851562 1.7651E-05
1144.6030029297 1.26574E-05
1143.6387207031 7.0306E-06
1142.6744384765 1.2525E-06
1141.71015625   -4.4513E-06
1140.7458740234 -1.00483E-05
1139.7815917968 -1.55949E-05
1138.8173095703 -2.1172E-05
1137.8530273437 -2.68401E-05
1136.8887451172 -3.25514E-05
1135.9244628906 -3.80211E-05
1134.960180664  -4.26675E-05
1133.9958984375 -4.57503E-05
1133.0316162109 -4.67036E-05
1132.0673339843 -4.54667E-05
1131.1030517578 -4.2569E-05
1130.1387695312 -3.88892E-05
1129.1744873047 -3.52543E-05
1128.2102050781 -3.21389E-05
1127.2459228515 -2.96195E-05
1126.281640625  -2.75223E-05
1125.3173583984 -2.55948E-05
1124.3530761718 -2.35832E-05
1123.3887939453 -2.12426E-05
1122.4245117187 -1.8369E-05
1121.4602294922 -1.48722E-05
1120.4959472656 -1.08067E-05
1119.531665039  -6.2879E-06
1118.5673828125 -1.3381E-06
1117.6031005859 4.1954E-06
1116.6388183593 1.05558E-05
1115.6745361328 1.78791E-05
1114.7102539062 2.6036E-05
1113.7459716797 3.46221E-05
1112.7816894531 4.30743E-05
1111.8174072265 5.08008E-05
1110.853125 5.7236E-05
1109.8888427734 6.18479E-05
1108.9245605468 6.42254E-05
1107.9602783203 6.43169E-05
1106.9959960937 6.26574E-05
1106.0317138672 6.02749E-05
1105.0674316406 5.81762E-05
1104.103149414  5.67422E-05
1103.1388671875 5.55199E-05
1102.1745849609 5.35901E-05
1101.2103027343 5.02119E-05
1100.2460205078 4.52589E-05
1099.2817382812 3.92076E-05
1098.3174560547 3.28196E-05
1097.3531738281 2.68175E-05
1096.3888916015 2.17313E-05
1095.424609375  1.78836E-05
1094.4603271484 1.53987E-05
1093.4960449218 1.41948E-05
1092.5317626953 1.40064E-05
1091.5674804687 1.44806E-05
1090.6031982422 1.53076E-05
1089.6389160156 1.63008E-05
1088.674633789  1.73861E-05
1087.7103515625 1.85456E-05
1086.7460693359 1.97744E-05
1085.7817871093 2.10596E-05
1084.8175048828 2.23406E-05
1083.8532226562 2.3447E-05
1082.8889404297 2.40756E-05
1081.9246582031 2.38762E-05
1080.9603759765 2.2615E-05
1079.99609375   2.02729E-05
1079.0318115234 1.69846E-05
1078.0675292968 1.29126E-05
1077.1032470703 8.2525E-06
1076.1389648437 3.3405E-06
1075.1746826172 -1.3007E-06
1074.2104003906 -5.1135E-06
1073.246118164  -7.7893E-06
1072.2818359375 -9.461E-06
1071.3175537109 -1.06314E-05
1070.3532714843 -1.18714E-05
1069.3889892578 -1.35408E-05
1068.4247070312 -1.57596E-05
1067.4604248047 -1.86347E-05
1066.4961425781 -2.25153E-05
1065.5318603515 -2.8045E-05
1064.567578125  -3.59591E-05
1063.6032958984 -4.67646E-05
1062.6390136718 -6.04969E-05
1061.6747314453 -7.66699E-05
1060.7104492187 -9.44334E-05
1059.7461669922 -0.0001128553
1058.7818847656 -0.0001311646
1057.817602539  -0.000148708
1056.8533203125 -0.0001643843
1055.8890380859 -0.0001757545
1054.9247558593 -0.000179105
1053.9604736328 -0.0001717813
1052.9961914062 -0.0001548236
1052.0319091797 -0.0001323129
1051.0676269531 -0.0001085835
1050.1033447265 -8.66579E-05
1049.1390625    -6.82271E-05
1048.1747802734 -5.40048E-05
1047.2104980468 -4.39349E-05
1046.2462158203 -3.73276E-05
1045.2819335937 -3.30731E-05
1044.3176513672 -2.9959E-05
1043.3533691406 -2.6978E-05
1042.389086914  -2.34995E-05
1041.4248046875 -1.92754E-05
1040.4605224609 -1.43655E-05
1039.4962402343 -9.0779E-06
1038.5319580078 -3.927E-06
1037.5676757812 4.601E-07
1036.6033935547 3.5276E-06
1035.6391113281 5.0017E-06
1034.6748291015 5.0012E-06
1033.710546875  3.9642E-06
1032.7462646484 2.4153E-06
1031.7819824218 7.02E-07
1030.8177001953 -1.1039E-06
1029.8534179687 -3.0197E-06
1028.8891357422 -4.8396E-06
1027.9248535156 -6.041E-06
1026.960571289  -6.0043E-06
1025.9962890625 -4.3383E-06
1025.0320068359 -1.1134E-06
1024.0677246093 3.0681E-06
1023.1034423828 7.2092E-06
1022.1391601562 1.02731E-05
1021.1748779297 1.16541E-05
1020.2105957031 1.15103E-05
1019.2463134765 1.06939E-05
1018.28203125   1.02458E-05
1017.3177490234 1.07749E-05
1016.3534667968 1.21704E-05
1015.3891845703 1.3828E-05
1014.4249023437 1.51534E-05
1013.4606201172 1.59292E-05
1012.4963378906 1.63064E-05
1011.532055664  1.65198E-05
1010.5677734375 1.66423E-05
1009.6034912109 1.65955E-05
1008.6392089843 1.63286E-05
1007.6749267578 1.58979E-05
1006.7106445312 1.53464E-05
1005.7463623047 1.4559E-05
1004.7820800781 1.33192E-05
1003.8177978515 1.15544E-05
1002.853515625  9.5305E-06
1001.8892333984 7.7962E-06
1000.9249511718 6.9399E-06
999.9606689453  7.3875E-06
998.9963867187  9.4059E-06
998.0321044921  1.32199E-05
997.0678222656  1.90334E-05
996.103540039   2.68623E-05
995.1392578125  3.62821E-05
994.1749755859  4.62767E-05
993.2106933593  5.53104E-05
992.2464111328  6.16436E-05
991.2821289062  6.38387E-05
990.3178466796  6.12957E-05
989.3535644531  5.45502E-05
988.3892822265  4.51101E-05
987.425 3.4865E-05
986.4607177734  2.5371E-05
985.4964355468  1.73686E-05
984.5321533203  1.07422E-05
983.5678710937  4.8942E-06
982.6035888671  -7.039E-07
981.6393066406  -6.1051E-06
980.675024414   -1.08334E-05
979.7107421875  -1.41601E-05
978.7464599609  -1.5504E-05
977.7821777343  -1.4722E-05
976.8178955078  -1.21776E-05
975.8536132812  -8.623E-06
974.8893310546  -4.9956E-06
973.9250488281  -2.2032E-06
972.9607666015  -9.192E-07
971.996484375   -1.4056E-06
971.0322021484  -3.3996E-06
970.0679199218  -6.1342E-06
969.1036376953  -8.5553E-06
968.1393554687  -9.7198E-06
967.1750732421  -9.2224E-06
966.2107910156  -7.4101E-06
965.246508789   -5.2142E-06
964.2822265625  -3.666E-06
963.3179443359  -3.3817E-06
962.3536621093  -4.3268E-06
961.3893798828  -5.9671E-06
960.4250976562  -7.659E-06
959.4608154296  -9.0284E-06
958.4965332031  -1.01546E-05
957.5322509765  -1.15164E-05
956.56796875    -1.37433E-05
955.6036865234  -1.72679E-05
954.6394042968  -2.2021E-05
953.6751220703  -2.73379E-05
952.7108398437  -3.21619E-05
951.7465576171  -3.54627E-05
950.7822753906  -3.66304E-05
949.817993164   -3.56222E-05
948.8537109375  -3.28223E-05
947.8894287109  -2.87908E-05
946.9251464843  -2.41133E-05
945.9608642578  -1.93898E-05
944.9965820312  -1.52145E-05
944.0322998046  -1.20134E-05
943.0680175781  -9.7853E-06
942.1037353515  -7.9507E-06
941.139453125   -5.5111E-06
940.1751708984  -1.527E-06
939.2108886718  4.3728E-06
938.2466064453  1.17778E-05
937.2823242187  1.97428E-05
936.3180419921  2.72785E-05
935.3537597656  3.37341E-05
934.389477539   3.88273E-05
933.4251953125  4.23484E-05
932.4609130859  4.38634E-05
931.4966308593  4.27929E-05
930.5323486328  3.889E-05
929.5680664062  3.27056E-05
928.6037841796  2.5593E-05
927.6395019531  1.91697E-05
926.6752197265  1.45707E-05
925.7109375 1.19234E-05
924.7466552734  1.04479E-05
923.7823730468  9.0613E-06
922.8180908203  7.0572E-06
921.8538085937  4.4642E-06
920.8895263671  1.9181E-06
919.9252441406  2.257E-07
918.960961914   -9.73E-08
917.9966796875  8.764E-07
917.0323974609  2.4547E-06
916.0681152343  3.6223E-06
915.1038330078  3.5998E-06
914.1395507812  2.3582E-06
913.1752685546  6.769E-07
912.2109863281  -3.918E-07
911.2467041015  -3.064E-07
910.282421875   5.54E-07
909.3181396484  1.2375E-06
908.3538574218  1.0882E-06
907.3895751953  4.134E-07
906.4252929687  3.469E-07
905.4610107421  1.9852E-06
904.4967285156  5.4937E-06
903.532446289   9.8774E-06
902.5681640625  1.35498E-05
901.6038818359  1.52371E-05
900.6395996093  1.46009E-05
899.6753173828  1.22552E-05
898.7110351562  9.281E-06
897.7467529296  6.6004E-06
896.7824707031  4.5812E-06
895.8181884765  3.0652E-06
894.85390625    1.7454E-06
893.8896240234  5.913E-07
892.9253417968  -2.43E-08
891.9610595703  3.788E-07
890.9967773437  1.9086E-06
890.0324951171  4.077E-06
889.0682128906  6.1037E-06
888.103930664   7.5766E-06
887.1396484375  8.9558E-06
886.1753662109  1.14722E-05
885.2110839843  1.64044E-05
884.2468017578  2.41804E-05
883.2825195312  3.39147E-05
882.3182373046  4.3735E-05
881.3539550781  5.17367E-05
880.3896728515  5.69202E-05
879.425390625   5.94113E-05
878.4611083984  5.98048E-05
877.4968261718  5.82417E-05
876.5325439453  5.41173E-05
875.5682617187  4.67782E-05
874.6039794921  3.66477E-05
873.6396972656  2.57267E-05
872.675415039   1.68632E-05
871.7111328125  1.22152E-05
870.7468505859  1.20656E-05
869.7825683593  1.48681E-05
868.8182861328  1.83738E-05
867.8540039062  2.08592E-05
866.8897216796  2.15936E-05
865.9254394531  2.05185E-05
864.9611572265  1.77789E-05
863.996875  1.36469E-05
863.0325927734  8.7991E-06
862.0683105468  4.3354E-06
861.1040283203  1.5525E-06
860.1397460937  1.3347E-06
859.1754638671  3.7562E-06
858.2111816406  8.0286E-06
857.246899414   1.26499E-05
856.2826171875  1.56229E-05
855.3183349609  1.48762E-05
854.3540527343  9.2067E-06
853.3897705078  -4.237E-07
852.4254882812  -1.04973E-05
851.4612060546  -1.57542E-05
850.4969238281  -1.1609E-05
849.5326416015  3.0196E-06
848.568359375   2.42442E-05
847.6040771484  4.43379E-05
846.6397949218  5.51828E-05
845.6755126953  5.22637E-05
844.7112304687  3.69079E-05
843.7469482421  1.537E-05
842.7826660156  -4.7647E-06
841.818383789   -1.86428E-05
840.8541015625  -2.60846E-05
839.8898193359  -3.02948E-05
838.9255371093  -3.45769E-05
837.9612548828  -3.96375E-05
836.9969726562  -4.32846E-05
836.0326904296  -4.21758E-05
835.0684082031  -3.36857E-05
834.1041259765  -1.62933E-05
833.13984375    1.1295E-05
832.1755615234  5.05605E-05
831.2112792968  0.000101817
830.2469970703  0.0001618033
829.2827148437  0.0002225355
828.3184326171  0.0002732133
827.3541503906  0.0003045777
826.389868164   0.000312796
825.4255859375  0.0003000686
824.4613037109  0.0002720802
823.4970214843  0.0002352218
822.5327392578  0.0001961095
821.5684570312  0.0001629973
820.6041748046  0.000146358
819.6398925781  0.0001560552
818.6756103515  0.0001948906
817.711328125   0.0002513282
816.7470458984  0.0002960014
815.7827636718  0.0002857581
814.8184814453  0.0001758613
813.8541992187  -6.27568E-05
812.8899169921  -0.0004256335
811.9256347656  -0.0008594963
810.961352539   -0.0012532079
809.9970703125  -0.00146121
809.0327880859  -0.0015938072
808.0685058593  -0.0180893615
807.1042236328  0.0071299579
806.1399414062  0.0102887787
805.1756591796  0.0145496977
804.2113769531  0.017925296
803.2470947265  0.0187665112
802.2828125 0.0162114613
801.3185302734  0.010699139
800.3542480468  0.0037476432
799.3899658203  -0.002706771
