0.013358714212594238 505.0 0 
0.11086883306678678 531.0 0 
0.01935075878288719 585.0 0 
0.018506374458144185 600.0 0 
0.048158402928996064 654.0 0 
0.0230420277277125 753.0 0 
0.07703351485731767 777.0 0 
0.1951503139300028 841.0 0 
0.383195012310318 956.0 0 
0.14832067123238488 987.0 0 
0.20799608945413192 1011.0 0 
0.5321918431879258 1032.0 0 
0.7745770278603067 1052.0 0 
1.0 1080.0 0 
0.17646021806554607 1111.0 0 
0.577256897060821 1130.0 0 
0.2585667601458203 1159.0 0 
0.3942148821218454 1212.0 0 
0.3187006622151618 1259.0 0 
0.32090002332386824 1271.0 0 
0.19217261426382515 1321.0 0 
0.14218058767383943 1336.0 0 
0.21603623831524096 1368.0 0 
0.33464939998623294 1411.0 0 
0.25168733622151035 1428.0 0 
0.24873989657068377 1434.0 0 
0.5351908685408258 1502.0 0 
0.36366243468429194 1527.0 0 
