-0.02839566141706598 503.0 1 
0.08600604194878375 531.0 1 
0.010819437328440979 585.0 1 
0.01488722795285109 601.0 1 
0.007193601518996793 654.0 1 
0.07259228041001958 752.0 1 
0.03874219872815395 777.0 1 
-0.4056918242045261 841.0 1 
0.06445886763868001 929.0 1 
0.43755891281052206 955.0 1 
0.08312986484894218 986.0 1 
-0.36462418847385153 1011.0 1 
-0.35384022342986465 1031.0 1 
1.0 1080.0 1 
-0.14305863344205066 1112.0 1 
-0.6457076529599656 1130.0 1 
0.26991435260407387 1159.0 1 
-0.09969383803111509 1171.0 1 
-0.15749802673897229 1212.0 1 
-0.16513169009780088 1225.0 1 
0.26946512024611957 1244.0 1 
-0.35598076710743126 1258.0 1 
0.27514100818680154 1271.0 1 
-0.18954914252570668 1284.0 1 
0.4022499784560407 1321.0 1 
0.04304414322706152 1367.0 1 
-0.07274517688646583 1414.0 1 
-0.16244596986989004 1426.0 1 
0.22580718055496207 1436.0 1 
0.15947805088777903 1504.0 1 
-0.4087170742318715 1526.0 1 
