9.010000000000000000e+02 1.590964446696849569e-02
9.020000000000000000e+02 2.063687581200491020e-02
9.030000000000000000e+02 2.718330933782116265e-02
9.040000000000000000e+02 3.499040650496449550e-02
9.050000000000000000e+02 4.157002185911302938e-02
9.060000000000000000e+02 4.391919045362402407e-02
9.070000000000000000e+02 4.091002721337733128e-02
9.080000000000000000e+02 3.425667874780936872e-02
9.090000000000000000e+02 2.725028634392877985e-02
9.100000000000000000e+02 2.170965793790482698e-02
9.110000000000000000e+02 1.784686355642895947e-02
9.120000000000000000e+02 1.539323839665414015e-02
9.130000000000000000e+02 1.403569108802961082e-02
9.140000000000000000e+02 1.354300984812803997e-02
9.150000000000000000e+02 1.377595577547943012e-02
9.160000000000000000e+02 1.460978245901887844e-02
9.170000000000000000e+02 1.589318962047631470e-02
9.180000000000000000e+02 1.762262494556812026e-02
9.190000000000000000e+02 1.996515217593092945e-02
9.200000000000000000e+02 2.282194609963462614e-02
9.210000000000000000e+02 2.560962931113173330e-02
9.220000000000000000e+02 2.784322475247817327e-02
9.230000000000000000e+02 3.015387345207013597e-02
9.240000000000000000e+02 3.332109545962125968e-02
9.250000000000000000e+02 3.694144405393022523e-02
9.260000000000000000e+02 4.100640405374027936e-02
9.270000000000000000e+02 4.716427851193451953e-02
9.280000000000000000e+02 5.630521051029704904e-02
9.290000000000000000e+02 6.567500125533214106e-02
9.300000000000000000e+02 7.005313368313510758e-02
9.310000000000000000e+02 6.733818254266749070e-02
9.320000000000000000e+02 6.049300434736821358e-02
9.330000000000000000e+02 5.367788287886884890e-02
9.340000000000000000e+02 4.821495533056530114e-02
9.350000000000000000e+02 4.435559332251307746e-02
9.360000000000000000e+02 4.208960895627299192e-02
9.370000000000000000e+02 3.993886933575037379e-02
9.380000000000000000e+02 3.642988988946347512e-02
9.390000000000000000e+02 3.266770074185981754e-02
9.400000000000000000e+02 3.048996292932778032e-02
9.410000000000000000e+02 3.082875336340181252e-02
9.420000000000000000e+02 3.413595141582231179e-02
9.430000000000000000e+02 4.066973131325434671e-02
9.440000000000000000e+02 4.947501791189763687e-02
9.450000000000000000e+02 5.626738904137312813e-02
9.460000000000000000e+02 5.540787515278227521e-02
9.470000000000000000e+02 4.749050809939544399e-02
9.480000000000000000e+02 3.772119042089552843e-02
9.490000000000000000e+02 2.916453685361343473e-02
9.500000000000000000e+02 2.264084435391012021e-02
9.510000000000000000e+02 1.800981655228773085e-02
9.520000000000000000e+02 1.479021885188564443e-02
9.530000000000000000e+02 1.253260840436050232e-02
9.540000000000000000e+02 1.091986132358312503e-02
9.550000000000000000e+02 9.746364542118730531e-03
9.560000000000000000e+02 8.880742201614225811e-03
9.570000000000000000e+02 8.238238075518329595e-03
9.580000000000000000e+02 7.763245184053377788e-03
9.590000000000000000e+02 7.418763314033546656e-03
9.600000000000000000e+02 7.180090426984819980e-03
9.610000000000000000e+02 7.031007577381584960e-03
9.620000000000000000e+02 6.961477924159631403e-03
9.630000000000000000e+02 6.966315221919870335e-03
9.640000000000000000e+02 7.044523304386610986e-03
9.650000000000000000e+02 7.199165208601325007e-03
9.660000000000000000e+02 7.437755004345467449e-03
9.670000000000000000e+02 7.773272039542861514e-03
9.680000000000000000e+02 8.225977476475758790e-03
9.690000000000000000e+02 8.826541978385987058e-03
9.700000000000000000e+02 9.621241665066164461e-03
9.710000000000000000e+02 1.068040254188451672e-02
9.720000000000000000e+02 1.211195950173867344e-02
9.730000000000000000e+02 1.408044847367126429e-02
9.740000000000000000e+02 1.682033383623352668e-02
9.750000000000000000e+02 2.058355386593750669e-02
9.760000000000000000e+02 2.536209746614051172e-02
9.770000000000000000e+02 3.050929388406630263e-02
9.780000000000000000e+02 3.563594429221248611e-02
9.790000000000000000e+02 4.211119616212957023e-02
9.800000000000000000e+02 5.140106362080301000e-02
9.810000000000000000e+02 6.245741106974096041e-02
9.820000000000000000e+02 7.117028694676104383e-02
9.830000000000000000e+02 7.338095252930271206e-02
9.840000000000000000e+02 6.810566469702129810e-02
9.850000000000000000e+02 5.706240879702981217e-02
9.860000000000000000e+02 4.464602986455781103e-02
9.870000000000000000e+02 3.456361555811202080e-02
9.880000000000000000e+02 2.752115185542845788e-02
9.890000000000000000e+02 2.286349886258199141e-02
9.900000000000000000e+02 1.985665207054508261e-02
9.910000000000000000e+02 1.798816262121267009e-02
9.920000000000000000e+02 1.694807793553633132e-02
9.930000000000000000e+02 1.657120636095081936e-02
9.940000000000000000e+02 1.679950475647124658e-02
9.950000000000000000e+02 1.766756204079878573e-02
9.960000000000000000e+02 1.929958681327252276e-02
9.970000000000000000e+02 2.187313965800610424e-02
9.980000000000000000e+02 2.539797914303990392e-02
9.990000000000000000e+02 2.912737772441816725e-02
1.000000000000000000e+03 3.150647468156611564e-02
1.001000000000000000e+03 3.228083593132861917e-02
1.002000000000000000e+03 3.325249181075008720e-02
1.003000000000000000e+03 3.607570390224734691e-02
1.004000000000000000e+03 4.145018010635447003e-02
1.005000000000000000e+03 4.936243399703856699e-02
1.006000000000000000e+03 5.903443475938171398e-02
1.007000000000000000e+03 6.851733473675909736e-02
1.008000000000000000e+03 7.436843343294817499e-02
1.009000000000000000e+03 7.598357593314873648e-02
1.010000000000000000e+03 7.869280169929654400e-02
1.011000000000000000e+03 8.759418309859945406e-02
1.012000000000000000e+03 1.039617814292857351e-01
1.013000000000000000e+03 1.248368637184643221e-01
1.014000000000000000e+03 1.444909314722974680e-01
1.015000000000000000e+03 1.571426656300755065e-01
1.016000000000000000e+03 1.548937996177253140e-01
1.017000000000000000e+03 1.343358093737937187e-01
1.018000000000000000e+03 1.062602153932336452e-01
1.019000000000000000e+03 8.223533355209551587e-02
1.020000000000000000e+03 6.549796335840082917e-02
1.021000000000000000e+03 5.501159570465771059e-02
1.022000000000000000e+03 4.915745946102403896e-02
1.023000000000000000e+03 4.668483190093500323e-02
1.024000000000000000e+03 4.673099594017373487e-02
1.025000000000000000e+03 4.917072736744838857e-02
1.026000000000000000e+03 5.477419918486263473e-02
1.027000000000000000e+03 6.437175702725124460e-02
1.028000000000000000e+03 7.787121362550240844e-02
1.029000000000000000e+03 9.399465184154263964e-02
1.030000000000000000e+03 1.096803234214564354e-01
1.031000000000000000e+03 1.171339270321216236e-01
1.032000000000000000e+03 1.100963246144002761e-01
1.033000000000000000e+03 9.348874559673653328e-02
1.034000000000000000e+03 7.660508957243480910e-02
1.035000000000000000e+03 6.391865917164508970e-02
1.036000000000000000e+03 5.570374865608956894e-02
1.037000000000000000e+03 5.136395760875718530e-02
1.038000000000000000e+03 5.025753383133349517e-02
1.039000000000000000e+03 5.162635897986353473e-02
1.040000000000000000e+03 5.515286418333028434e-02
1.041000000000000000e+03 6.142225813811435370e-02
1.042000000000000000e+03 7.175890894329925440e-02
1.043000000000000000e+03 8.739340948712234769e-02
1.044000000000000000e+03 1.089453067682511211e-01
1.045000000000000000e+03 1.336798379165076989e-01
1.046000000000000000e+03 1.488447449553628454e-01
1.047000000000000000e+03 1.397897338012274449e-01
1.048000000000000000e+03 1.135435091673275970e-01
1.049000000000000000e+03 8.713121188306260922e-02
1.050000000000000000e+03 6.756444286841331581e-02
1.051000000000000000e+03 5.454406678693937693e-02
1.052000000000000000e+03 4.624205477183178370e-02
1.053000000000000000e+03 4.118114325107297830e-02
1.054000000000000000e+03 3.843130678092748775e-02
1.055000000000000000e+03 3.747727356694768863e-02
1.056000000000000000e+03 3.809771168719956747e-02
1.057000000000000000e+03 4.030441117717981775e-02
1.058000000000000000e+03 4.433878304567662881e-02
1.059000000000000000e+03 5.072607982587214182e-02
1.060000000000000000e+03 6.039846530039864186e-02
1.061000000000000000e+03 7.489251734754112655e-02
1.062000000000000000e+03 9.652320490214717774e-02
1.063000000000000000e+03 1.279273999173370924e-01
1.064000000000000000e+03 1.689374843646551660e-01
1.065000000000000000e+03 2.091276714782523138e-01
1.066000000000000000e+03 2.278286951455515130e-01
1.067000000000000000e+03 2.156736040183024061e-01
1.068000000000000000e+03 1.839620633875868883e-01
1.069000000000000000e+03 1.494782826429705280e-01
1.070000000000000000e+03 1.234955926402606097e-01
1.071000000000000000e+03 1.091674265920908604e-01
1.072000000000000000e+03 1.053966741274609820e-01
1.073000000000000000e+03 1.109423385794929828e-01
1.074000000000000000e+03 1.258465832974068055e-01
1.075000000000000000e+03 1.479497534509125189e-01
1.076000000000000000e+03 1.664459997583326578e-01
1.077000000000000000e+03 1.663801374048921033e-01
1.078000000000000000e+03 1.475458049362082802e-01
1.079000000000000000e+03 1.236327987188757110e-01
1.080000000000000000e+03 1.033530713472834289e-01
1.081000000000000000e+03 8.693080465177449589e-02
1.082000000000000000e+03 7.360709309462087901e-02
1.083000000000000000e+03 6.365041860539197294e-02
1.084000000000000000e+03 5.735661783652800522e-02
1.085000000000000000e+03 5.382757027385352139e-02
1.086000000000000000e+03 5.009976144243181995e-02
1.087000000000000000e+03 4.391691350213041550e-02
1.088000000000000000e+03 3.660956904150658442e-02
1.089000000000000000e+03 3.036257360724263152e-02
1.090000000000000000e+03 2.583758398132851922e-02
1.091000000000000000e+03 2.272488670582052672e-02
1.092000000000000000e+03 2.041148495041711364e-02
1.093000000000000000e+03 1.837279349763445285e-02
1.094000000000000000e+03 1.654850501438474494e-02
1.095000000000000000e+03 1.505881749151410237e-02
1.096000000000000000e+03 1.387315187344644908e-02
1.097000000000000000e+03 1.292237682984556657e-02
1.098000000000000000e+03 1.219304294611691167e-02
1.099000000000000000e+03 1.167467995265631872e-02
1.100000000000000000e+03 1.133687940966040739e-02
1.101000000000000000e+03 1.114769788748894153e-02
1.102000000000000000e+03 1.110652710366142812e-02
1.103000000000000000e+03 1.124713533795653614e-02
1.104000000000000000e+03 1.161807252084747291e-02
1.105000000000000000e+03 1.228763505497479196e-02
1.106000000000000000e+03 1.335417420803725920e-02
1.107000000000000000e+03 1.492805548970017361e-02
1.108000000000000000e+03 1.706844567847494443e-02
1.109000000000000000e+03 1.977545381199802624e-02
1.110000000000000000e+03 2.297842872197571398e-02
1.111000000000000000e+03 2.597946556866998283e-02
1.112000000000000000e+03 2.765077726386288084e-02
1.113000000000000000e+03 2.827911363585093943e-02
1.114000000000000000e+03 2.892956146618499633e-02
1.115000000000000000e+03 3.043999466050557878e-02
1.116000000000000000e+03 3.381414031495774686e-02
1.117000000000000000e+03 3.905298491401133082e-02
1.118000000000000000e+03 4.358077242767626619e-02
1.119000000000000000e+03 4.370647143292565734e-02
1.120000000000000000e+03 3.913356029196179281e-02
1.121000000000000000e+03 3.260929185704285194e-02
1.122000000000000000e+03 2.684231383054433429e-02
1.123000000000000000e+03 2.288408246308315866e-02
1.124000000000000000e+03 2.063599850076165351e-02
1.125000000000000000e+03 1.978333873404335488e-02
1.126000000000000000e+03 2.014257528479448944e-02
1.127000000000000000e+03 2.166217569414921260e-02
1.128000000000000000e+03 2.425891072700525966e-02
1.129000000000000000e+03 2.759652985566041564e-02
1.130000000000000000e+03 3.093608111767792018e-02
1.131000000000000000e+03 3.343176584549749364e-02
1.132000000000000000e+03 3.515718269581905725e-02
1.133000000000000000e+03 3.696643114177151218e-02
1.134000000000000000e+03 4.000648870019998110e-02
1.135000000000000000e+03 4.547954767633827916e-02
1.136000000000000000e+03 5.320409019294259495e-02
1.137000000000000000e+03 5.926933761535085193e-02
1.138000000000000000e+03 5.818400066700137735e-02
1.139000000000000000e+03 5.050975335709172176e-02
1.140000000000000000e+03 4.153639942378667405e-02
1.141000000000000000e+03 3.455225819546903221e-02
1.142000000000000000e+03 3.013373306772225077e-02
1.143000000000000000e+03 2.786432713851509993e-02
1.144000000000000000e+03 2.729630823597468947e-02
1.145000000000000000e+03 2.820629546222854986e-02
1.146000000000000000e+03 3.061981694756222075e-02
1.147000000000000000e+03 3.480852977531408848e-02
1.148000000000000000e+03 4.126100776848987128e-02
1.149000000000000000e+03 5.043700331671675807e-02
1.150000000000000000e+03 6.204257336619790203e-02
1.151000000000000000e+03 7.500784147686284653e-02
1.152000000000000000e+03 9.022082348443268007e-02
1.153000000000000000e+03 1.098106609023461050e-01
1.154000000000000000e+03 1.306948719490366451e-01
1.155000000000000000e+03 1.461013153592870262e-01
1.156000000000000000e+03 1.560694766894460683e-01
1.157000000000000000e+03 1.635716778041238773e-01
1.158000000000000000e+03 1.615987882247421625e-01
1.159000000000000000e+03 1.414460812974619452e-01
1.160000000000000000e+03 1.109559684797115087e-01
1.161000000000000000e+03 8.328358520371741125e-02
1.162000000000000000e+03 6.296969994017918848e-02
1.163000000000000000e+03 4.902986437048063861e-02
1.164000000000000000e+03 3.953221273415231940e-02
1.165000000000000000e+03 3.298194819776838899e-02
1.166000000000000000e+03 2.840276099247458080e-02
1.167000000000000000e+03 2.518238137288384554e-02
1.168000000000000000e+03 2.293876639738542250e-02
1.169000000000000000e+03 2.143426811355568853e-02
1.170000000000000000e+03 2.052501999169528343e-02
1.171000000000000000e+03 2.013262674820247289e-02
1.172000000000000000e+03 2.023019564477135726e-02
1.173000000000000000e+03 2.083876980109335489e-02
1.174000000000000000e+03 2.203283764965772995e-02
1.175000000000000000e+03 2.395397190530436718e-02
1.176000000000000000e+03 2.682388098140824767e-02
1.177000000000000000e+03 3.091134898120691255e-02
1.178000000000000000e+03 3.632969182064543778e-02
1.179000000000000000e+03 4.270250963076595296e-02
1.180000000000000000e+03 4.958397208496437281e-02
1.181000000000000000e+03 5.787670886615767923e-02
1.182000000000000000e+03 7.014779690655052746e-02
1.183000000000000000e+03 8.952001712832373392e-02
1.184000000000000000e+03 1.184630625305425622e-01
1.185000000000000000e+03 1.552792401235459918e-01
1.186000000000000000e+03 1.865889523102674252e-01
1.187000000000000000e+03 1.918578543239440326e-01
1.188000000000000000e+03 1.706953571766819666e-01
1.189000000000000000e+03 1.428677531677463308e-01
1.190000000000000000e+03 1.188462624321738603e-01
1.191000000000000000e+03 9.658263219308783898e-02
1.192000000000000000e+03 7.546235316880574306e-02
1.193000000000000000e+03 5.796113319863517577e-02
1.194000000000000000e+03 4.497454323631276674e-02
1.195000000000000000e+03 3.573533515322967202e-02
1.196000000000000000e+03 2.915677587484794345e-02
1.197000000000000000e+03 2.438329039365478776e-02
1.198000000000000000e+03 2.083721709619861667e-02
1.199000000000000000e+03 1.814271982033140510e-02
1.200000000000000000e+03 1.605410177770416266e-02
1.201000000000000000e+03 1.440763898853991004e-02
1.202000000000000000e+03 1.309172174670305416e-02
1.203000000000000000e+03 1.202857446097231435e-02
1.204000000000000000e+03 1.116294500347038074e-02
1.205000000000000000e+03 1.045498218321646439e-02
1.206000000000000000e+03 9.875673839307383753e-03
1.207000000000000000e+03 9.403895372275698772e-03
1.208000000000000000e+03 9.024513702607572449e-03
1.209000000000000000e+03 8.727229714619524556e-03
1.210000000000000000e+03 8.505997851340136792e-03
1.211000000000000000e+03 8.358981268932454134e-03
1.212000000000000000e+03 8.289117521819603512e-03
1.213000000000000000e+03 8.305502532923158057e-03
1.214000000000000000e+03 8.425910927600106098e-03
1.215000000000000000e+03 8.680524647062811544e-03
1.216000000000000000e+03 9.114795072764594885e-03
1.217000000000000000e+03 9.780908091327658593e-03
1.218000000000000000e+03 1.069630553937297307e-02
1.219000000000000000e+03 1.180900507330746342e-02
1.220000000000000000e+03 1.310532071361537876e-02
1.221000000000000000e+03 1.463208390571480409e-02
1.222000000000000000e+03 1.620907083213128305e-02
1.223000000000000000e+03 1.701903139665509115e-02
1.224000000000000000e+03 1.620774209704300278e-02
1.225000000000000000e+03 1.440781026346413078e-02
1.226000000000000000e+03 1.277464340079192094e-02
1.227000000000000000e+03 1.173627660047838611e-02
1.228000000000000000e+03 1.125658398039666372e-02
1.229000000000000000e+03 1.117639319189319552e-02
1.230000000000000000e+03 1.130141307170330622e-02
1.231000000000000000e+03 1.149860096014980113e-02
1.232000000000000000e+03 1.167097770023291757e-02
1.233000000000000000e+03 1.170903536418572456e-02
1.234000000000000000e+03 1.172487425688369979e-02
1.235000000000000000e+03 1.193353760421070851e-02
1.236000000000000000e+03 1.241989334717782424e-02
1.237000000000000000e+03 1.312967381668930789e-02
1.238000000000000000e+03 1.389935326665921525e-02
1.239000000000000000e+03 1.460592432955890550e-02
1.240000000000000000e+03 1.533516162264810141e-02
1.241000000000000000e+03 1.631070529639687405e-02
1.242000000000000000e+03 1.771972624120605327e-02
1.243000000000000000e+03 1.969775056472696309e-02
1.244000000000000000e+03 2.238394271897130305e-02
1.245000000000000000e+03 2.589528615704520323e-02
1.246000000000000000e+03 3.011135001954678286e-02
1.247000000000000000e+03 3.444906874485759163e-02
1.248000000000000000e+03 3.856452572283406571e-02
1.249000000000000000e+03 4.328163396956998671e-02
1.250000000000000000e+03 4.996317085283696890e-02
1.251000000000000000e+03 5.969497655358706190e-02
1.252000000000000000e+03 7.377533588018968247e-02
1.253000000000000000e+03 9.454993458591927358e-02
1.254000000000000000e+03 1.250610947494811276e-01
1.255000000000000000e+03 1.656834156304481942e-01
1.256000000000000000e+03 2.056268202514874022e-01
1.257000000000000000e+03 2.211302135161810900e-01
1.258000000000000000e+03 2.054113207688117726e-01
1.259000000000000000e+03 1.807444221399524542e-01
1.260000000000000000e+03 1.632664233126868425e-01
1.261000000000000000e+03 1.521724256553262933e-01
1.262000000000000000e+03 1.429240338613263772e-01
1.263000000000000000e+03 1.350986806153513242e-01
1.264000000000000000e+03 1.299555696458184473e-01
1.265000000000000000e+03 1.250311418062961255e-01
1.266000000000000000e+03 1.167117369821270983e-01
1.267000000000000000e+03 1.033627340500527791e-01
1.268000000000000000e+03 8.746967874888463002e-02
1.269000000000000000e+03 7.329448335239162338e-02
1.270000000000000000e+03 6.286999562654736751e-02
1.271000000000000000e+03 5.659801260316498633e-02
1.272000000000000000e+03 5.403857434474026999e-02
1.273000000000000000e+03 5.352882644005717977e-02
1.274000000000000000e+03 5.266507230573960058e-02
1.275000000000000000e+03 5.110881228737758353e-02
1.276000000000000000e+03 5.072357255453038144e-02
1.277000000000000000e+03 5.263725886799020676e-02
1.278000000000000000e+03 5.645889162855184662e-02
1.279000000000000000e+03 6.067813193938290106e-02
1.280000000000000000e+03 6.317339783529879460e-02
1.281000000000000000e+03 6.343580205860771537e-02
1.282000000000000000e+03 6.306613404118488475e-02
1.283000000000000000e+03 6.444461626174169400e-02
1.284000000000000000e+03 7.012375705727610931e-02
1.285000000000000000e+03 8.217755504122133126e-02
1.286000000000000000e+03 1.013311963250416309e-01
1.287000000000000000e+03 1.240127887919157401e-01
1.288000000000000000e+03 1.397950712512544824e-01
1.289000000000000000e+03 1.395783986784507325e-01
1.290000000000000000e+03 1.266247851284198755e-01
1.291000000000000000e+03 1.120895142623742624e-01
1.292000000000000000e+03 1.008187230907963694e-01
1.293000000000000000e+03 8.939553860409275854e-02
1.294000000000000000e+03 7.541530218769586236e-02
1.295000000000000000e+03 6.167407014178433872e-02
1.296000000000000000e+03 5.109086574293997957e-02
1.297000000000000000e+03 4.405609749003112918e-02
1.298000000000000000e+03 3.989554639094686911e-02
1.299000000000000000e+03 3.796864942624298550e-02
1.300000000000000000e+03 3.787436116237675315e-02
1.301000000000000000e+03 3.933215937765016657e-02
1.302000000000000000e+03 4.214242098575517875e-02
1.303000000000000000e+03 4.630820594997597794e-02
1.304000000000000000e+03 5.172761656091858645e-02
1.305000000000000000e+03 5.857921638849317159e-02
1.306000000000000000e+03 6.838632115218101770e-02
1.307000000000000000e+03 8.313160462763553860e-02
1.308000000000000000e+03 1.033637822794519490e-01
1.309000000000000000e+03 1.247105694654956909e-01
1.310000000000000000e+03 1.366416477307700328e-01
1.311000000000000000e+03 1.348559096024334325e-01
1.312000000000000000e+03 1.297369860414365195e-01
1.313000000000000000e+03 1.323479004549379390e-01
1.314000000000000000e+03 1.438544378081233477e-01
1.315000000000000000e+03 1.552567229846505137e-01
1.316000000000000000e+03 1.563199481411146619e-01
1.317000000000000000e+03 1.490111351882241475e-01
1.318000000000000000e+03 1.409400971159271987e-01
1.319000000000000000e+03 1.337514195365886727e-01
1.320000000000000000e+03 1.230068027328203584e-01
1.321000000000000000e+03 1.062612709385636345e-01
1.322000000000000000e+03 8.882119915735718629e-02
1.323000000000000000e+03 7.454062346766976432e-02
1.324000000000000000e+03 6.351461546413111892e-02
1.325000000000000000e+03 5.586159270876980831e-02
1.326000000000000000e+03 5.181572945199781899e-02
1.327000000000000000e+03 5.121968371306066803e-02
1.328000000000000000e+03 5.363479673436807177e-02
1.329000000000000000e+03 5.826905801021417530e-02
1.330000000000000000e+03 6.491453257131148125e-02
1.331000000000000000e+03 7.477626219687763531e-02
1.332000000000000000e+03 8.741769672067652153e-02
1.333000000000000000e+03 9.709367284442425861e-02
1.334000000000000000e+03 9.612457716258022977e-02
1.335000000000000000e+03 8.477955490593043486e-02
1.336000000000000000e+03 7.100097958196463499e-02
1.337000000000000000e+03 6.049157995703792479e-02
1.338000000000000000e+03 5.444468054461243378e-02
1.339000000000000000e+03 5.255628858641365336e-02
1.340000000000000000e+03 5.438380855744204961e-02
1.341000000000000000e+03 5.926844957357458449e-02
1.342000000000000000e+03 6.533448911464662112e-02
1.343000000000000000e+03 6.960168765802654534e-02
1.344000000000000000e+03 6.970077195651307178e-02
1.345000000000000000e+03 6.659521992635068777e-02
1.346000000000000000e+03 6.313787819612075303e-02
1.347000000000000000e+03 6.013730691288286107e-02
1.348000000000000000e+03 5.802646226650595707e-02
1.349000000000000000e+03 5.710316086469289371e-02
1.350000000000000000e+03 5.555741680470061006e-02
1.351000000000000000e+03 5.226365073730870198e-02
1.352000000000000000e+03 4.920531547169185865e-02
1.353000000000000000e+03 4.756555768601604395e-02
1.354000000000000000e+03 4.593655381219408779e-02
1.355000000000000000e+03 4.334749533218464068e-02
1.356000000000000000e+03 4.119419628338388817e-02
1.357000000000000000e+03 4.075999644872724259e-02
1.358000000000000000e+03 4.186506134286361452e-02
1.359000000000000000e+03 4.330603393130745549e-02
1.360000000000000000e+03 4.438328405615286909e-02
1.361000000000000000e+03 4.597218601515043468e-02
1.362000000000000000e+03 4.899325839379842229e-02
1.363000000000000000e+03 5.306841762913509092e-02
1.364000000000000000e+03 5.728095568314034436e-02
1.365000000000000000e+03 6.178716365247474696e-02
1.366000000000000000e+03 6.694716361882420419e-02
1.367000000000000000e+03 7.306564258996037231e-02
1.368000000000000000e+03 8.078415968522112411e-02
1.369000000000000000e+03 9.059879097579885687e-02
1.370000000000000000e+03 1.020723126559954091e-01
1.371000000000000000e+03 1.126410083493363107e-01
1.372000000000000000e+03 1.215739416564564357e-01
1.373000000000000000e+03 1.321016828895853756e-01
1.374000000000000000e+03 1.495138483771812354e-01
1.375000000000000000e+03 1.781922226667964904e-01
1.376000000000000000e+03 2.174273182214614963e-01
1.377000000000000000e+03 2.592196505236560866e-01
1.378000000000000000e+03 2.960078417653019822e-01
1.379000000000000000e+03 3.219488023256777964e-01
1.380000000000000000e+03 3.285337658920577941e-01
1.381000000000000000e+03 3.219529725376231166e-01
1.382000000000000000e+03 3.187303365753719753e-01
1.383000000000000000e+03 3.305534935961216281e-01
1.384000000000000000e+03 3.479640628659192991e-01
1.385000000000000000e+03 3.380614012166888172e-01
1.386000000000000000e+03 2.899247749913607675e-01
1.387000000000000000e+03 2.322029457999518487e-01
1.388000000000000000e+03 1.880450465401486415e-01
1.389000000000000000e+03 1.616556751674863013e-01
1.390000000000000000e+03 1.486560557411581163e-01
1.391000000000000000e+03 1.412628141200368004e-01
1.392000000000000000e+03 1.337656012168911279e-01
1.393000000000000000e+03 1.265180860293811937e-01
1.394000000000000000e+03 1.212979456958029334e-01
1.395000000000000000e+03 1.175737460252486988e-01
1.396000000000000000e+03 1.130180213400000522e-01
1.397000000000000000e+03 1.080167362130751013e-01
1.398000000000000000e+03 1.054709440076957855e-01
1.399000000000000000e+03 1.065962709179856943e-01
1.400000000000000000e+03 1.090129946177519626e-01
1.401000000000000000e+03 1.098379987757800991e-01
1.402000000000000000e+03 1.103980333556495996e-01
1.403000000000000000e+03 1.114150638733959198e-01
1.404000000000000000e+03 1.100645197556768679e-01
1.405000000000000000e+03 1.069530778565582485e-01
1.406000000000000000e+03 1.041105440118018366e-01
1.407000000000000000e+03 1.009915995869088701e-01
1.408000000000000000e+03 9.918914147202458065e-02
1.409000000000000000e+03 1.022813527368896386e-01
1.410000000000000000e+03 1.113728855385869715e-01
1.411000000000000000e+03 1.230471536240445862e-01
1.412000000000000000e+03 1.314375522537196139e-01
1.413000000000000000e+03 1.343302579212928560e-01
1.414000000000000000e+03 1.303435489458667218e-01
1.415000000000000000e+03 1.181521191926398762e-01
1.416000000000000000e+03 1.017206972461279640e-01
1.417000000000000000e+03 8.565098984413312133e-02
1.418000000000000000e+03 7.167437802731968510e-02
1.419000000000000000e+03 6.078451171026066219e-02
1.420000000000000000e+03 5.326577052548199520e-02
1.421000000000000000e+03 4.863889162776077746e-02
1.422000000000000000e+03 4.637622946903854904e-02
1.423000000000000000e+03 4.615481556212779057e-02
1.424000000000000000e+03 4.780383612278409078e-02
1.425000000000000000e+03 5.109620644285298857e-02
1.426000000000000000e+03 5.571674372121909052e-02
1.427000000000000000e+03 6.173956477350573541e-02
1.428000000000000000e+03 6.971730632609117462e-02
1.429000000000000000e+03 8.076759884514170262e-02
1.430000000000000000e+03 9.645960161177247194e-02
1.431000000000000000e+03 1.171134618444958642e-01
1.432000000000000000e+03 1.385491363133923293e-01
1.433000000000000000e+03 1.506894729032704217e-01
1.434000000000000000e+03 1.473704987975387737e-01
1.435000000000000000e+03 1.332986824291592654e-01
1.436000000000000000e+03 1.149590869366137608e-01
1.437000000000000000e+03 9.701028042530034090e-02
1.438000000000000000e+03 8.318479368811250441e-02
1.439000000000000000e+03 7.451170868175407969e-02
1.440000000000000000e+03 7.022788543284320950e-02
1.441000000000000000e+03 6.940234102174237807e-02
1.442000000000000000e+03 7.148243762368305942e-02
1.443000000000000000e+03 7.633540643520560220e-02
1.444000000000000000e+03 8.422589748812989163e-02
1.445000000000000000e+03 9.585601894648758392e-02
1.446000000000000000e+03 1.125055258760206400e-01
1.447000000000000000e+03 1.362963158243419570e-01
1.448000000000000000e+03 1.705435843852300681e-01
1.449000000000000000e+03 2.197777231999722414e-01
1.450000000000000000e+03 2.876772827606865479e-01
1.451000000000000000e+03 3.698350108972504047e-01
1.452000000000000000e+03 4.477756336855180375e-01
1.453000000000000000e+03 5.050850150780090697e-01
1.454000000000000000e+03 5.511262951474502625e-01
1.455000000000000000e+03 6.086919929170911958e-01
1.456000000000000000e+03 6.671846041182395437e-01
1.457000000000000000e+03 6.687977938849900550e-01
1.458000000000000000e+03 5.817284679230050326e-01
1.459000000000000000e+03 4.525050263699202935e-01
1.460000000000000000e+03 3.370172751284080670e-01
1.461000000000000000e+03 2.526039339462217703e-01
1.462000000000000000e+03 1.947686504104205185e-01
1.463000000000000000e+03 1.554221846418888664e-01
1.464000000000000000e+03 1.283344889918961174e-01
1.465000000000000000e+03 1.094410487501814022e-01
1.466000000000000000e+03 9.619830541367863086e-02
1.467000000000000000e+03 8.702670014014476929e-02
1.468000000000000000e+03 8.095451717419351045e-02
1.469000000000000000e+03 7.740997421033506132e-02
1.470000000000000000e+03 7.610852325839420618e-02
1.471000000000000000e+03 7.700361834335731070e-02
1.472000000000000000e+03 8.028743100427863932e-02
1.473000000000000000e+03 8.644242777003534328e-02
1.474000000000000000e+03 9.635645271979545456e-02
1.475000000000000000e+03 1.115156640193431248e-01
1.476000000000000000e+03 1.342417565712538952e-01
1.477000000000000000e+03 1.677467672436860069e-01
1.478000000000000000e+03 2.153288890738190575e-01
1.479000000000000000e+03 2.764674043113673485e-01
1.480000000000000000e+03 3.367095349471052046e-01
1.481000000000000000e+03 3.681380217495138774e-01
1.482000000000000000e+03 3.593928018472895558e-01
1.483000000000000000e+03 3.238796612467451097e-01
1.484000000000000000e+03 2.829877342808968521e-01
1.485000000000000000e+03 2.500739823109129900e-01
1.486000000000000000e+03 2.277450420726229718e-01
1.487000000000000000e+03 2.144844829721793689e-01
1.488000000000000000e+03 2.059484590040085161e-01
1.489000000000000000e+03 1.970893616322252351e-01
1.490000000000000000e+03 1.905383225644524947e-01
1.491000000000000000e+03 1.923083743381676647e-01
1.492000000000000000e+03 2.043529981719813260e-01
1.493000000000000000e+03 2.266396445525117043e-01
1.494000000000000000e+03 2.591325477257958587e-01
1.495000000000000000e+03 3.032897658886048453e-01
1.496000000000000000e+03 3.621928848125978706e-01
1.497000000000000000e+03 4.347800510657658379e-01
1.498000000000000000e+03 5.131532788284332014e-01
1.499000000000000000e+03 5.862068739709989096e-01
1.500000000000000000e+03 6.422130911672122577e-01
1.501000000000000000e+03 6.707333795809096166e-01
1.502000000000000000e+03 6.669770238039058885e-01
1.503000000000000000e+03 6.221795255605822028e-01
1.504000000000000000e+03 5.431341983654977001e-01
1.505000000000000000e+03 4.482115498285661470e-01
1.506000000000000000e+03 3.525951131353755041e-01
1.507000000000000000e+03 2.693490318852010956e-01
1.508000000000000000e+03 2.051086767230431707e-01
1.509000000000000000e+03 1.588304149200845672e-01
1.510000000000000000e+03 1.260056628360200215e-01
1.511000000000000000e+03 1.023984194411640680e-01
1.512000000000000000e+03 8.500841199552945648e-02
1.513000000000000000e+03 7.187089381270707344e-02
1.514000000000000000e+03 6.171113152834170612e-02
1.515000000000000000e+03 5.368940151815247697e-02
1.516000000000000000e+03 4.723962900658907477e-02
1.517000000000000000e+03 4.197079760717965791e-02
1.518000000000000000e+03 3.760646624579006003e-02
1.519000000000000000e+03 3.394695617862145132e-02
1.520000000000000000e+03 3.084512968580983491e-02
1.521000000000000000e+03 2.819057434509206900e-02
1.522000000000000000e+03 2.589918692794156846e-02
1.523000000000000000e+03 2.390601229240979855e-02
1.524000000000000000e+03 2.216015766709935816e-02
1.525000000000000000e+03 2.062125535692629907e-02
1.526000000000000000e+03 1.925695159476575186e-02
1.527000000000000000e+03 1.804106516365448082e-02
1.528000000000000000e+03 1.695221843187785446e-02
1.529000000000000000e+03 1.597280983284770847e-02
1.530000000000000000e+03 1.508823465984137496e-02
1.531000000000000000e+03 1.428628798326990468e-02
1.532000000000000000e+03 1.355670254239040896e-02
1.533000000000000000e+03 1.289078774257174792e-02
1.534000000000000000e+03 1.228114516762795518e-02
1.535000000000000000e+03 1.172144255821313576e-02
1.536000000000000000e+03 1.120623286968072500e-02
1.537000000000000000e+03 1.073080838268323199e-02
1.538000000000000000e+03 1.029108228670000055e-02
1.539000000000000000e+03 9.883491956554071520e-03
1.540000000000000000e+03 9.504919478387843790e-03
1.541000000000000000e+03 9.152625982649778558e-03
1.542000000000000000e+03 8.824197097803845521e-03
1.543000000000000000e+03 8.517497414136061124e-03
1.544000000000000000e+03 8.230632288549248610e-03
1.545000000000000000e+03 7.961915662258818929e-03
1.546000000000000000e+03 7.709842828465897184e-03
1.547000000000000000e+03 7.473067294574856599e-03
1.548000000000000000e+03 7.250381046865810898e-03
1.549000000000000000e+03 7.040697654862124004e-03
1.550000000000000000e+03 6.843037755594032386e-03
1.551000000000000000e+03 6.656516540357089277e-03
1.552000000000000000e+03 6.480332932836029881e-03
1.553000000000000000e+03 6.313760201021212555e-03
1.554000000000000000e+03 6.156137788824791839e-03
1.555000000000000000e+03 6.006864188757590935e-03
1.556000000000000000e+03 5.865390706059000168e-03
1.557000000000000000e+03 5.731215988540561482e-03
1.558000000000000000e+03 5.603881216103893254e-03
1.559000000000000000e+03 5.482965860213644474e-03
1.560000000000000000e+03 5.368083937175153510e-03
1.561000000000000000e+03 5.258880690387062254e-03
1.562000000000000000e+03 5.155029646215389567e-03
1.563000000000000000e+03 5.056229996093668244e-03
1.564000000000000000e+03 4.962204264157604218e-03
1.565000000000000000e+03 4.872696225387029498e-03
1.566000000000000000e+03 4.787469044027795224e-03
1.567000000000000000e+03 4.706303606145087470e-03
1.568000000000000000e+03 4.628997023635168621e-03
1.569000000000000000e+03 4.555361289991942744e-03
1.570000000000000000e+03 4.485222070668059592e-03
1.571000000000000000e+03 4.418417613054326058e-03
1.572000000000000000e+03 4.354797762981103305e-03
1.573000000000000000e+03 4.294223076267446142e-03
1.574000000000000000e+03 4.236564015246646782e-03
1.575000000000000000e+03 4.181700221412763124e-03
1.576000000000000000e+03 4.129519856389231129e-03
1.577000000000000000e+03 4.079919004340442495e-03
1.578000000000000000e+03 4.032801129749795897e-03
1.579000000000000000e+03 3.988076585189665076e-03
1.580000000000000000e+03 3.945662164323932020e-03
1.581000000000000000e+03 3.905480695924017000e-03
1.582000000000000000e+03 3.867460675155130669e-03
1.583000000000000000e+03 3.831535928809098705e-03
1.584000000000000000e+03 3.797645311531438334e-03
1.585000000000000000e+03 3.765732430419477337e-03
1.586000000000000000e+03 3.735745395660910236e-03
1.587000000000000000e+03 3.707636595143047088e-03
1.588000000000000000e+03 3.681362491196239154e-03
1.589000000000000000e+03 3.656883437844137344e-03
1.590000000000000000e+03 3.634163517121795622e-03
1.591000000000000000e+03 3.613170393192812260e-03
1.592000000000000000e+03 3.593875183151217564e-03
1.593000000000000000e+03 3.576252343534671880e-03
1.594000000000000000e+03 3.560279571704822333e-03
1.595000000000000000e+03 3.545937721369815752e-03
1.596000000000000000e+03 3.533210731634759891e-03
1.597000000000000000e+03 3.522085569069439894e-03
1.598000000000000000e+03 3.512552182380416707e-03
1.599000000000000000e+03 3.504603469367602742e-03
1.600000000000000000e+03 3.498235255934768750e-03
1.601000000000000000e+03 3.493446287010217120e-03
1.602000000000000000e+03 3.490238229318909455e-03
1.603000000000000000e+03 3.488615686031687653e-03
1.604000000000000000e+03 3.488586223401861797e-03
1.605000000000000000e+03 3.490160409585090200e-03
1.606000000000000000e+03 3.493351865926353633e-03
1.607000000000000000e+03 3.498177331088684131e-03
1.608000000000000000e+03 3.504656738493326044e-03
1.609000000000000000e+03 3.512813307641164326e-03
1.610000000000000000e+03 3.522673649991845540e-03
1.611000000000000000e+03 3.534267890191154088e-03
1.612000000000000000e+03 3.547629803560491211e-03
1.613000000000000000e+03 3.562796970896069722e-03
1.614000000000000000e+03 3.579810951771545367e-03
1.615000000000000000e+03 3.598717477698199548e-03
1.616000000000000000e+03 3.619566666673471479e-03
1.617000000000000000e+03 3.642413260844314191e-03
1.618000000000000000e+03 3.667316889229089993e-03
1.619000000000000000e+03 3.694342357683893120e-03
1.620000000000000000e+03 3.723559968569803338e-03
1.621000000000000000e+03 3.755045872880967851e-03
1.622000000000000000e+03 3.788882457934242970e-03
1.623000000000000000e+03 3.825158774105143211e-03
1.624000000000000000e+03 3.863971004528357189e-03
1.625000000000000000e+03 3.905422982171623952e-03
1.626000000000000000e+03 3.949626759248056271e-03
1.627000000000000000e+03 3.996703234564019137e-03
1.628000000000000000e+03 4.046782845119470569e-03
1.629000000000000000e+03 4.100006329098844320e-03
1.630000000000000000e+03 4.156525568329474084e-03
1.631000000000000000e+03 4.216504519360309358e-03
1.632000000000000000e+03 4.280120243548569438e-03
1.633000000000000000e+03 4.347564047962791667e-03
1.634000000000000000e+03 4.419042750548780873e-03
1.635000000000000000e+03 4.494780084897524210e-03
1.636000000000000000e+03 4.575018262145746223e-03
1.637000000000000000e+03 4.660019710083378001e-03
1.638000000000000000e+03 4.750069012501155485e-03
1.639000000000000000e+03 4.845475075261973866e-03
1.640000000000000000e+03 4.946573549613049632e-03
1.641000000000000000e+03 5.053729547982652170e-03
1.642000000000000000e+03 5.167340693059011524e-03
1.643000000000000000e+03 5.287840547492100515e-03
1.644000000000000000e+03 5.415702479288892097e-03
1.645000000000000000e+03 5.551444027131157560e-03
1.646000000000000000e+03 5.695631840727639894e-03
1.647000000000000000e+03 5.848887284284286746e-03
1.648000000000000000e+03 6.011892806686938186e-03
1.649000000000000000e+03 6.185399200598653419e-03
1.650000000000000000e+03 6.370233895073226793e-03
1.651000000000000000e+03 6.567310453345578773e-03
1.652000000000000000e+03 6.777639480268130186e-03
1.653000000000000000e+03 7.002341183793836521e-03
1.654000000000000000e+03 7.242659883700892226e-03
1.655000000000000000e+03 7.499980820625307999e-03
1.656000000000000000e+03 7.775849692246736972e-03
1.657000000000000000e+03 8.071995434799680846e-03
1.658000000000000000e+03 8.390356881660378241e-03
1.659000000000000000e+03 8.733114072702427566e-03
1.660000000000000000e+03 9.102725166413545149e-03
1.661000000000000000e+03 9.501970131933492117e-03
1.662000000000000000e+03 9.934002684124608462e-03
1.663000000000000000e+03 1.040241229006460232e-02
1.664000000000000000e+03 1.091129854484241928e-02
1.665000000000000000e+03 1.146536082188471216e-02
1.666000000000000000e+03 1.207000689407546415e-02
1.667000000000000000e+03 1.273148525960365526e-02
1.668000000000000000e+03 1.345704727797704739e-02
1.669000000000000000e+03 1.425514704883810123e-02
1.670000000000000000e+03 1.513568942104711809e-02
1.671000000000000000e+03 1.611033984696133570e-02
1.672000000000000000e+03 1.719291434975142932e-02
1.673000000000000000e+03 1.839987416368472906e-02
1.674000000000000000e+03 1.975095839542560447e-02
1.675000000000000000e+03 2.127000046752888784e-02
1.676000000000000000e+03 2.298599184973317694e-02
1.677000000000000000e+03 2.493448227435285727e-02
1.678000000000000000e+03 2.715944333589641671e-02
1.679000000000000000e+03 2.971577851608062440e-02
1.680000000000000000e+03 3.267274756902600191e-02
1.681000000000000000e+03 3.611870369945308773e-02
1.682000000000000000e+03 4.016774609982880218e-02
1.683000000000000000e+03 4.496921568205207442e-02
1.684000000000000000e+03 5.072149027790208431e-02
1.685000000000000000e+03 5.769241150652102551e-02
1.686000000000000000e+03 6.625015715169287056e-02
1.687000000000000000e+03 7.691092839569786677e-02
1.688000000000000000e+03 9.041430283994401906e-02
1.689000000000000000e+03 1.078450386974789676e-01
1.690000000000000000e+03 1.308340590617086130e-01
1.691000000000000000e+03 1.618946326028631311e-01
1.692000000000000000e+03 2.049817999162638071e-01
1.693000000000000000e+03 2.663714347893519352e-01
1.694000000000000000e+03 3.557429662088427702e-01
1.695000000000000000e+03 4.860374572902864121e-01
1.696000000000000000e+03 6.656227349404260085e-01
1.697000000000000000e+03 8.684411439442767389e-01
1.698000000000000000e+03 1.000000000000000000e+00
1.699000000000000000e+03 9.700549984277040405e-01
1.700000000000000000e+03 8.208260117968338987e-01
1.701000000000000000e+03 6.669995502964325418e-01
1.702000000000000000e+03 5.700182194050296136e-01
1.703000000000000000e+03 5.308628787503331115e-01
1.704000000000000000e+03 5.181621773160275390e-01
1.705000000000000000e+03 4.956872358704325632e-01
1.706000000000000000e+03 4.589424476230789529e-01
1.707000000000000000e+03 4.121672285953844606e-01
1.708000000000000000e+03 3.546660240314118417e-01
1.709000000000000000e+03 3.024830040339659964e-01
1.710000000000000000e+03 2.671535562188319113e-01
1.711000000000000000e+03 2.417327720657880263e-01
1.712000000000000000e+03 2.124508677478600116e-01
1.713000000000000000e+03 1.757658871335382456e-01
1.714000000000000000e+03 1.401388716105565480e-01
1.715000000000000000e+03 1.119570740822917049e-01
1.716000000000000000e+03 9.134993365304527879e-02
1.717000000000000000e+03 7.604048138099298026e-02
1.718000000000000000e+03 6.410325861818448601e-02
1.719000000000000000e+03 5.466710617484440288e-02
1.720000000000000000e+03 4.723778401720995362e-02
1.721000000000000000e+03 4.134494555078600114e-02
1.722000000000000000e+03 3.659514354938084302e-02
1.723000000000000000e+03 3.269943612713564762e-02
1.724000000000000000e+03 2.945342465489564354e-02
1.725000000000000000e+03 2.671175124124128969e-02
1.726000000000000000e+03 2.436904617784630550e-02
1.727000000000000000e+03 2.234724451893426236e-02
1.728000000000000000e+03 2.058730280399506674e-02
1.729000000000000000e+03 1.904372885341155952e-02
1.730000000000000000e+03 1.768089430610467194e-02
1.731000000000000000e+03 1.647049240925530303e-02
1.732000000000000000e+03 1.538974695829016179e-02
1.733000000000000000e+03 1.442012497365801824e-02
1.734000000000000000e+03 1.354639453752495663e-02
1.735000000000000000e+03 1.275592391325655259e-02
1.736000000000000000e+03 1.203815244967585199e-02
1.737000000000000000e+03 1.138418584387258965e-02
1.738000000000000000e+03 1.078648280187529881e-02
1.739000000000000000e+03 1.023860980294298215e-02
1.740000000000000000e+03 9.735047250390671883e-03
1.741000000000000000e+03 9.271034842276549767e-03
1.742000000000000000e+03 8.842447192240745699e-03
1.743000000000000000e+03 8.445693008901760182e-03
1.744000000000000000e+03 8.077632786927212150e-03
1.745000000000000000e+03 7.735511164744751297e-03
1.746000000000000000e+03 7.416900991974253315e-03
1.747000000000000000e+03 7.119656812794084889e-03
1.748000000000000000e+03 6.841875971405135884e-03
1.749000000000000000e+03 6.581865926093344484e-03
1.750000000000000000e+03 6.338116650179531283e-03
1.751000000000000000e+03 6.109277223773016373e-03
1.752000000000000000e+03 5.894135896010280727e-03
1.753000000000000000e+03 5.691603035337645944e-03
1.754000000000000000e+03 5.500696494266064072e-03
1.755000000000000000e+03 5.320529001523172270e-03
1.756000000000000000e+03 5.150297263653649989e-03
1.757000000000000000e+03 4.989272513668782313e-03
1.758000000000000000e+03 4.836792289221530754e-03
1.759000000000000000e+03 4.692253259216734411e-03
1.760000000000000000e+03 4.555104947486092980e-03
1.761000000000000000e+03 4.424844226511216727e-03
1.762000000000000000e+03 4.301010474220119846e-03
1.763000000000000000e+03 4.183181303444694944e-03
1.764000000000000000e+03 4.070968787366674793e-03
1.765000000000000000e+03 3.964016115721543353e-03
1.766000000000000000e+03 3.861994626092228513e-03
1.767000000000000000e+03 3.764601162643801437e-03
1.768000000000000000e+03 3.671555721397972566e-03
1.769000000000000000e+03 3.582599346841808426e-03
1.770000000000000000e+03 3.497492249487425559e-03
1.771000000000000000e+03 3.416012118094515024e-03
1.772000000000000000e+03 3.337952603754800428e-03
1.773000000000000000e+03 3.263121956015415607e-03
1.774000000000000000e+03 3.191341793767753232e-03
1.775000000000000000e+03 3.122445995816725689e-03
1.776000000000000000e+03 3.056279697928478752e-03
1.777000000000000000e+03 2.992698384778667928e-03
1.778000000000000000e+03 2.931567066627528521e-03
1.779000000000000000e+03 2.872759531764415390e-03
1.780000000000000000e+03 2.816157666820760189e-03
1.781000000000000000e+03 2.761650837969402243e-03
1.782000000000000000e+03 2.709135326829512774e-03
1.783000000000000000e+03 2.658513815596299634e-03
1.784000000000000000e+03 2.609694916527214009e-03
1.785000000000000000e+03 2.562592741453620978e-03
1.786000000000000000e+03 2.517126507458655130e-03
1.787000000000000000e+03 2.473220175277238836e-03
1.788000000000000000e+03 2.430802117340152054e-03
1.789000000000000000e+03 2.389804812707200729e-03
1.790000000000000000e+03 2.350164566420184700e-03
1.791000000000000000e+03 2.311821251059520757e-03
1.792000000000000000e+03 2.274718068512740846e-03
1.793000000000000000e+03 2.238801330162592911e-03
1.794000000000000000e+03 2.204020253879792300e-03
1.795000000000000000e+03 2.170326776363578659e-03
1.796000000000000000e+03 2.137675379514181705e-03
1.797000000000000000e+03 2.106022929647243663e-03
1.798000000000000000e+03 2.075328528472946375e-03
1.799000000000000000e+03 2.045553374863421855e-03
1.800000000000000000e+03 2.016660636522555998e-03
1.801000000000000000e+03 1.988615330753481462e-03
1.802000000000000000e+03 1.961384213592098046e-03
1.803000000000000000e+03 1.934935676640659992e-03
1.804000000000000000e+03 1.909239650994660814e-03
1.805000000000000000e+03 1.884267517709659230e-03
1.806000000000000000e+03 1.859992024302881738e-03
1.807000000000000000e+03 1.836387206828037424e-03
1.808000000000000000e+03 1.813428317101200291e-03
1.809000000000000000e+03 1.791091754691322320e-03
1.810000000000000000e+03 1.769355003321357528e-03
1.811000000000000000e+03 1.748196571355303819e-03
1.812000000000000000e+03 1.727595936073243396e-03
1.813000000000000000e+03 1.707533491460667312e-03
1.814000000000000000e+03 1.687990499260500670e-03
1.815000000000000000e+03 1.668949043056368450e-03
1.816000000000000000e+03 1.650391985173970798e-03
1.817000000000000000e+03 1.632302926204194909e-03
1.818000000000000000e+03 1.614666166966885474e-03
1.819000000000000000e+03 1.597466672748151318e-03
1.820000000000000000e+03 1.580690039656901073e-03
1.821000000000000000e+03 1.564322462957991105e-03
1.822000000000000000e+03 1.548350707250083572e-03
1.823000000000000000e+03 1.532762078366187684e-03
1.824000000000000000e+03 1.517544396883834835e-03
1.825000000000000000e+03 1.502685973140165153e-03
1.826000000000000000e+03 1.488175583654803092e-03
1.827000000000000000e+03 1.474002448870409239e-03
1.828000000000000000e+03 1.460156212127248490e-03
1.829000000000000000e+03 1.446626919794043566e-03
1.830000000000000000e+03 1.433405002482872640e-03
1.831000000000000000e+03 1.420481257280896154e-03
1.832000000000000000e+03 1.407846830936381041e-03
1.833000000000000000e+03 1.395493203940763836e-03
1.834000000000000000e+03 1.383412175452501799e-03
1.835000000000000000e+03 1.371595849012103218e-03
1.836000000000000000e+03 1.360036619001158504e-03
1.837000000000000000e+03 1.348727157801318756e-03
1.838000000000000000e+03 1.337660403612101053e-03
1.839000000000000000e+03 1.326829548889089201e-03
1.840000000000000000e+03 1.316228029366616793e-03
1.841000000000000000e+03 1.305849513631340136e-03
1.842000000000000000e+03 1.295687893215267169e-03
1.843000000000000000e+03 1.285737273178814760e-03
1.844000000000000000e+03 1.275991963156339381e-03
1.845000000000000000e+03 1.266446468838305917e-03
1.846000000000000000e+03 1.257095483865891322e-03
1.847000000000000000e+03 1.247933882115300624e-03
1.848000000000000000e+03 1.238956710350494397e-03
1.849000000000000000e+03 1.230159181224313317e-03
