1.002542060262814630e+03 9.465257455995355485e+03
1.005278246713121916e+03 9.155135778172314531e+03
1.008015523270074482e+03 8.804634318196709501e+03
1.010748095990558795e+03 7.797519764864582612e+03
1.013483689849890652e+03 6.231631375175667927e+03
1.016216512685747148e+03 4.946064734404490082e+03
1.018948495735341567e+03 4.553577709259253425e+03
1.021679639385714836e+03 4.957651710737517533e+03
1.024408016138382663e+03 5.481216073051057720e+03
1.027139410035742912e+03 5.427595393335140216e+03
1.029868037808282679e+03 4.795705776412868545e+03
1.032595827727360302e+03 4.269134991581380746e+03
1.035320854660367331e+03 4.478926853930771358e+03
1.038046970620860520e+03 5.237967792109773654e+03
1.040770325547353423e+03 6.165235908727850074e+03
1.043494769089669717e+03 7.606017379014795551e+03
1.046220299861273816e+03 1.025173253529803333e+04
1.048941148777586932e+03 1.341399272759483574e+04
1.051663085692282039e+03 1.486725435965508586e+04
1.054382266445300047e+03 1.331255776358883668e+04
1.057100613986272947e+03 9.981576872833506059e+03
1.059820048908793979e+03 6.924145956450985977e+03
1.062536730585998157e+03 4.909391839937374243e+03
1.065256418267465051e+03 3.798502685797312552e+03
1.067971435024122911e+03 3.204936451191524611e+03
1.070685620481752267e+03 2.779864024045699807e+03
1.073400892293408106e+03 2.356189228986167109e+03
1.076113415711140988e+03 1.915052737840615009e+03
1.078825108974633622e+03 1.479280355124832568e+03
1.081535972464920633e+03 1.131891459954086713e+03
1.084246006562807452e+03 1.006381041650835868e+03
1.086957125988385087e+03 1.241008453218623799e+03
1.089665501857485651e+03 1.843941787597186703e+03
1.092373049475474545e+03 2.546822250316162354e+03
1.095079769222225877e+03 2.945483059715786112e+03
1.097785661477380927e+03 2.828412408668052194e+03
1.100488815205502760e+03 2.415111898090136492e+03
1.103193054199597100e+03 2.081845600615077274e+03
1.105898377086210530e+03 2.122972252224803924e+03
1.108600963166765723e+03 2.673104318082780082e+03
1.111300814570524381e+03 3.784552992122743490e+03
1.114001750418661686e+03 5.220813972797380302e+03
1.116701861425946845e+03 6.653290889463858548e+03
1.119401147970162128e+03 8.000362163021209199e+03
1.122097703679166443e+03 9.822462710335523298e+03
1.124793436843567179e+03 1.264123314951931025e+04
1.127492159012868797e+03 1.559604181296040952e+04
1.130186247054636624e+03 1.672966925038435875e+04
1.132881418104698241e+03 1.504053460555625134e+04
1.135573863109842932e+03 1.155453763619453639e+04
1.138265487450385990e+03 7.980680918362244483e+03
1.140958194184469903e+03 5.280877537577082876e+03
1.143648177741328254e+03 3.493014874549923661e+03
1.146339243282025564e+03 2.424566350932864225e+03
1.149029488498843421e+03 1.915730040947869384e+03
1.151715113037484116e+03 1.963094932071219773e+03
1.154403719889553031e+03 2.650305148871901110e+03
1.157087709126426489e+03 4.201422452537942263e+03
1.159774679109945282e+03 6.742180140254335129e+03
1.162457034538219887e+03 9.860456935941831034e+03
1.165144266621347924e+03 1.234068883984937202e+04
1.167826886051887413e+03 1.291635737862133465e+04
1.170508689305683220e+03 1.153515614299524168e+04
1.173187781012602500e+03 9.105485469544988518e+03
1.175867953606491938e+03 6.631068860742931975e+03
1.178547311139955127e+03 4.591625665506568112e+03
1.181225853984735295e+03 3.050138135192712070e+03
1.183903582512346475e+03 1.961312381491904489e+03
1.186580497094084421e+03 1.214143391843313111e+03
1.189256598101008422e+03 6.959119153229776202e+02
1.191931885903959483e+03 3.651252513655026632e+02
1.194604469735670136e+03 1.615710049463705218e+02
1.197276242252915836e+03 4.642255863981699804e+01
1.199949093815117521e+03 -1.041014409564922971e+01
1.202621133653930883e+03 1.677080848426430748e+01
1.205290473296619894e+03 1.411623319138379884e+02
1.207960891370978061e+03 3.795750915596499908e+02
1.210628611133863160e+03 7.836108451266327393e+02
1.213295521795975219e+03 1.378960877773988614e+03
1.215963510276946181e+03 2.180244435574796626e+03
1.218628803269442869e+03 3.225360282062515580e+03
1.221293288264867442e+03 4.610923565218188742e+03
1.223958850466671720e+03 6.416344400769235108e+03
1.226623604263149900e+03 8.312864733333834010e+03
1.229285666328829393e+03 9.884886755866724343e+03
1.231946921866088815e+03 1.104795851569400475e+04
1.234605488688888727e+03 1.163206061754288021e+04
1.237265132838660065e+03 1.111375043066099352e+04
1.239925852970998676e+03 9.520869270475379381e+03
1.242583886057127529e+03 7.737043497525551174e+03
1.245241114445001585e+03 6.460590627142333688e+03
1.247897538499990333e+03 5.840949347286124976e+03
1.250553158587237704e+03 5.746112031311389728e+03
1.253206096504734887e+03 6.004288650413142022e+03
1.255860110319401429e+03 6.395778024575222844e+03
1.258513321260190423e+03 6.728820163738622796e+03
1.261165729691365414e+03 6.928404701386537454e+03
1.263817335976971663e+03 6.975251984963964787e+03
1.266468140480832517e+03 6.868077448881849705e+03
1.269116268405348819e+03 6.680270676548630945e+03
1.271765471003098355e+03 6.549009307691969298e+03
1.274411998880717874e+03 6.694944196486814690e+03
1.277059601023993309e+03 7.142969256618014697e+03
1.279704530304443324e+03 7.735501459821005483e+03
1.282350533443121094e+03 8.315993800151489268e+03
1.284995737339901098e+03 8.782094819310183084e+03
1.287638271156589326e+03 9.087982975837850972e+03
1.290280007584889972e+03 9.231334765454299486e+03
1.292920946985668706e+03 9.148404561749526692e+03
1.295561089719572919e+03 8.630110396000169203e+03
1.298200436147035362e+03 7.672317239248816804e+03
1.300840855008114886e+03 6.719052319986960356e+03
1.303478609339792456e+03 6.408123727482899085e+03
1.306115568445267854e+03 6.655524015064452215e+03
1.308751732684100716e+03 6.581169734478158716e+03
1.311387102415639674e+03 5.741750964665323409e+03
1.314019812433205516e+03 4.579969437505576934e+03
1.316653594789360795e+03 3.697188077461022658e+03
1.319288448156661616e+03 3.193838200694059196e+03
1.321920643448127521e+03 3.018653898895230668e+03
1.324552046025772142e+03 3.098881575566663741e+03
1.327180793489540520e+03 3.444565729023983295e+03
1.329810612274250161e+03 4.024320982843966704e+03
1.332439639418382285e+03 4.817008644907749840e+03
1.335066014202413498e+03 5.904506545353256115e+03
1.337693459697402432e+03 7.464586528648306739e+03
1.340320114623114932e+03 9.869946942715674595e+03
1.342944119938296353e+03 1.354218246708227161e+04
1.345569195354786643e+03 1.795125174507551492e+04
1.348191622991234908e+03 2.113315734710100514e+04
1.350813262601019233e+03 2.143066338280182754e+04
1.353435971702954703e+03 1.932686593798949616e+04
1.356056035766770947e+03 1.652000244666888102e+04
1.358677168916776282e+03 1.422565780582619300e+04
1.361297514344554656e+03 1.269261830974763143e+04
1.363913362539642549e+03 1.185299245421280284e+04
1.366532134702392796e+03 1.136543470182512101e+04
1.369146412568312371e+03 1.104567564665808823e+04
1.371763612882496091e+03 1.100907170663085344e+04
1.374376321832860413e+03 1.123948731420581316e+04
1.376991951713243907e+03 1.136279194800463665e+04
1.379604944755552424e+03 1.110253747425412803e+04
1.382217154019621375e+03 1.080868767680316341e+04
1.384828579858050944e+03 1.108121747847525512e+04
1.387439222623219393e+03 1.216526825650701358e+04
1.390047233291621524e+03 1.381825002732290886e+04
1.392656311520928284e+03 1.539393831069470252e+04
1.395264607732602599e+03 1.652200692571164836e+04
1.397872122278185998e+03 1.734868344377363246e+04
1.400478855509001733e+03 1.835710714606044348e+04
1.403084807776172966e+03 1.944899823401508911e+04
1.405688133376919723e+03 1.970920656925944422e+04
1.408292525322165602e+03 1.820914103767543202e+04
1.410894292407003377e+03 1.535954064055290110e+04
1.413495281034647633e+03 1.249711138459029462e+04
1.416097335399321310e+03 1.047639271664063563e+04
1.418698610901890788e+03 9.325697708585845248e+03
1.421297265150598832e+03 8.922827452543911932e+03
1.423895142338646110e+03 9.086570916125838266e+03
1.426492242814521887e+03 9.807275727714380992e+03
1.429090408015701541e+03 1.105798848732654005e+04
1.431685955561624723e+03 1.304992850940658354e+04
1.434282567428403127e+03 1.589109187281890809e+04
1.436876563436810102e+03 1.945272593217859685e+04
1.439467945583532128e+03 2.284773553943984371e+04
1.442060392543709895e+03 2.455666222702953019e+04
1.444652065225553088e+03 2.389781433014724462e+04
1.447244801218170323e+03 2.236409118842590033e+04
1.449834925835093600e+03 2.222714034002033077e+04
1.452422441068283661e+03 2.530737253694437095e+04
1.455012855700431828e+03 3.116657987144051367e+04
1.457600661641052284e+03 3.605866246392755420e+04
1.460185860879282700e+03 3.570789074815835920e+04
1.462772123312297481e+03 3.019937635979926927e+04
1.465355780827590934e+03 2.303556338993776808e+04
1.467940501133532962e+03 1.690810719016742223e+04
1.470522618304621574e+03 1.228065163172632856e+04
1.473107629631289456e+03 8.863250260521368546e+03
1.475688207289585989e+03 6.374751343402997009e+03
1.478269846930583299e+03 4.576942433589143548e+03
1.480847056865495688e+03 3.281892583050223948e+03
1.483427159056987875e+03 2.370355016737207279e+03
1.486004663451447414e+03 1.700036676782151972e+03
1.488581400523878983e+03 1.216034169113571807e+03
1.491159198570356239e+03 8.548334576595966610e+02
1.493736228891451901e+03 5.831020566880370097e+02
1.496310664965098113e+03 3.851232531683444904e+02
1.498884335086360807e+03 2.508375157389691594e+02
1.501457239597028092e+03 1.636185904371031938e+02
1.504029378838673438e+03 1.197860020415819235e+02
1.506600753152670222e+03 1.059344299450585822e+02
1.509169538729864144e+03 9.813464609229595226e+01
1.511743031969883305e+03 9.704773386875103824e+01
1.514312113005122228e+03 8.900618192850242849e+01
1.516878607952599850e+03 7.768044670517019767e+01
1.519446162741889566e+03 4.942332749229990441e+01
1.522012954647525476e+03 2.553356030663871934e+01
1.524577163109192043e+03 1.461644317070340549e+01
1.527142430808016798e+03 1.661023851661866502e+00
1.529708756461048324e+03 -1.657087529470118170e+00
1.532270680951118266e+03 -1.673118711829147287e+01
1.534833664073896216e+03 -8.046663989437547571e+00
1.537392249951331905e+03 -7.341394947740809585e+00
1.539953712797756452e+03 2.495447728548560917e+01
1.542512598353176145e+03 4.339112006048026160e+01
1.545072541736357380e+03 7.599390274972256520e+01
1.547631725625418767e+03 8.107444429178940482e+01
1.550188334854021377e+03 8.327967536531832593e+01
1.552744186340674787e+03 8.205043208819461142e+01
1.555301094850630761e+03 9.472208099551789928e+01
1.557853617435241176e+03 8.908889405186209842e+01
1.560409011069721601e+03 9.165342352460174880e+01
1.562961834417747014e+03 1.025924395402093978e+02
1.565513901706195611e+03 1.182191175586253848e+02
1.568067025013471721e+03 1.457286632638606534e+02
1.570615769447478669e+03 1.824554999077408866e+02
1.573167381241430121e+03 2.284404555347969108e+02
1.575716427111972735e+03 2.826896688650103897e+02
1.578262909001838125e+03 3.342336513339519115e+02
1.580808637914833525e+03 3.990332240502993955e+02
1.583357231241774571e+03 4.651056110303934474e+02
1.585903262126768823e+03 5.320361573002401201e+02
1.588448539967495890e+03 5.965341094847858585e+02
1.590991258173893584e+03 6.508087088886200036e+02
1.593535031462273764e+03 7.187876283509926907e+02
1.596078052707693132e+03 8.015297842030581705e+02
1.598618516921123955e+03 9.234434605880974232e+02
1.601158230824985367e+03 1.085508652384090510e+03
1.603697194751624920e+03 1.304903470234586166e+03
1.606239016480303690e+03 1.599098513928041029e+03
1.608778283574421948e+03 1.953788120203884773e+03
1.611314997964916984e+03 2.309561453560545942e+03
1.613850963706336188e+03 2.681824377708599968e+03
1.616386181130044861e+03 3.069629608262972397e+03
1.618920650567219127e+03 3.529825459020373273e+03
1.621454372348842298e+03 4.211096463081192269e+03
1.623989146806143253e+03 5.343748211997586623e+03
1.626521373738014518e+03 7.235747192710741729e+03
1.629052854006324196e+03 9.985376869974328656e+03
1.631583587941280712e+03 1.328337235493458138e+04
1.634113575872877846e+03 1.723935850263397151e+04
1.636642818130931119e+03 2.328612894153123489e+04
1.639171315045052324e+03 3.324158744019149162e+04
1.641699066944660444e+03 4.555529534681860241e+04
1.644224278398323804e+03 5.360072383345056005e+04
1.646750541785317182e+03 5.176952174157237459e+04
1.649276061144657433e+03 4.206722612666183704e+04
1.651800836804999562e+03 3.062881133900145505e+04
1.654324869094783935e+03 2.139858927695163220e+04
1.656844572104375402e+03 1.489125965758450911e+04
1.659368912284531689e+03 1.046895667148636494e+04
1.661890716958958365e+03 7.477735922830926029e+03
1.664409988037896255e+03 5.465998379852312610e+03
1.666928518439148320e+03 4.093360873507298948e+03
1.669446308489310468e+03 3.150161586342680494e+03
1.671965148472005239e+03 2.519775222471635516e+03
1.674479668841773673e+03 2.108400048255726688e+03
1.676998817606912780e+03 1.822921179858767573e+03
1.679513648463780555e+03 1.633285587360573572e+03
1.682027740600125981e+03 1.503968660111737790e+03
1.684541094341388089e+03 1.416281396130003031e+03
1.687055496816868981e+03 1.355086653393423603e+03
1.689565587939505349e+03 1.310573056967243701e+03
1.692076728446296329e+03 1.276382812115830802e+03
1.694587131857882923e+03 1.256899829747826971e+03
1.697098583205795876e+03 1.221623789258048873e+03
1.699605728693211859e+03 1.200693888722306838e+03
1.702113922765369352e+03 1.180059157750177746e+03
1.704621381039145490e+03 1.181540957694300232e+03
1.707128103838273091e+03 1.176998919356717124e+03
1.709632309394939512e+03 1.165713286724052523e+03
1.712135781168522954e+03 1.123047573262964761e+03
1.714642081575682823e+03 1.071934499532956579e+03
1.717144085706942860e+03 1.023433024863057199e+03
1.719645357022425742e+03 9.945297541129593810e+02
1.722147675326192257e+03 9.622912819080252120e+02
1.724647481454652734e+03 9.447524741782990532e+02
1.727146555732721026e+03 9.335311559809351820e+02
1.729646676401192963e+03 9.259202991755491894e+02
1.732144287421990157e+03 9.304948975364422949e+02
1.734642944434759556e+03 9.438319668287240347e+02
1.737139093483063334e+03 9.732219510125501074e+02
1.739636288125064311e+03 1.003695753359743776e+03
1.742130976484138955e+03 1.052080048659927343e+03
1.744624935238945909e+03 1.104014939165751002e+03
1.747118164709510893e+03 1.150331141609070528e+03
1.749608891453121032e+03 1.188924830431588362e+03
1.752102437077090144e+03 1.185893731071694674e+03
1.754593480613220891e+03 1.152517900828531310e+03
1.757083796143349900e+03 1.103792541392309431e+03
1.759573383986564295e+03 1.054590499178046230e+03
1.762062244461769296e+03 1.004793984562843434e+03
1.764548607232696668e+03 9.586397286278915999e+02
1.767036014444995089e+03 9.205497649064509460e+02
1.769524464865618938e+03 8.917950235953712763e+02
1.772008649949857499e+03 8.614397069360184105e+02
1.774493878878558462e+03 8.389266020017957999e+02
1.776976614276594773e+03 8.184437997517143231e+02
1.779458625565166585e+03 8.183392265055240387e+02
1.781939913061014522e+03 7.954115816485282267e+02
1.784420477080697310e+03 7.691431501326514990e+02
1.786903849961774540e+03 7.091865214556801220e+02
1.789382966948596732e+03 5.761083399239869323e+02
1.791861361408271478e+03 3.819255552520735364e+02
1.794340798123135755e+03 1.513672988933544730e+02
1.796815984009270323e+03 1.245035473197913234e+01
1.799292212781681883e+03 -2.938963611534745723e+00
1.801769483214135107e+03 1.459144073587549428e+02
1.804244269258299028e+03 3.323480013230905570e+02
1.806718334667701129e+03 5.282863817525126251e+02
1.809191679757052043e+03 7.018619212946150583e+02
1.811664304840895056e+03 8.443104248141116841e+02
1.814134449873243284e+03 9.582889401570937480e+02
1.816605636401192896e+03 1.030362631726560721e+03
1.819077863201942819e+03 1.058099466842618313e+03
1.821545852581206418e+03 1.084739433771745553e+03
1.824016641173304379e+03 1.099634385199412463e+03
1.826483195017804974e+03 1.138675225463724473e+03
1.828950789365801029e+03 1.179366597906423067e+03
1.831414152658329840e+03 1.261391571982488813e+03
1.833880313348541677e+03 1.342713830353236972e+03
1.836344001408786426e+03 1.420666261816082169e+03
1.838808729180011142e+03 1.505547054241277237e+03
1.841270985965853470e+03 1.557010006292420030e+03
1.843736036295918893e+03 1.598150620327628985e+03
1.846196862545006297e+03 1.626201570634932750e+03
1.848655221291090129e+03 1.641957390520850367e+03
1.851116372478416451e+03 1.655269472029879125e+03
1.853575056784466142e+03 1.665579972036955724e+03
1.856033027730933100e+03 1.686186968364308314e+03
1.858490285628231504e+03 1.688771334678369385e+03
1.860948581455621024e+03 1.707389709033700456e+03
1.863402663516088069e+03 1.709001837597158101e+03
1.865859533780458150e+03 1.708789480711684973e+03
1.868313942074397346e+03 1.726277194130218504e+03
1.870765890229136858e+03 1.721481391517797192e+03
1.873218876340066345e+03 1.718677219276683218e+03
1.875669403943080397e+03 1.721721212844330239e+03
1.878124463346910488e+03 1.721667546721414283e+03
1.880573570620799728e+03 1.710238346941400778e+03
1.883021968951477902e+03 1.710999941071080684e+03
1.885471404249601619e+03 1.716760514574855051e+03
1.887918385111908719e+03 1.715792767057137098e+03
1.890364657954040013e+03 1.717840005954717526e+03
1.892811967171062861e+03 1.720335209046476393e+03
1.895258567972945457e+03 1.727234149432883896e+03
1.897702717588836094e+03 1.748573208011059705e+03
1.900147902987293492e+03 1.780249529655779270e+03
1.902590638822290202e+03 1.787914773006086079e+03
1.905032668478590494e+03 1.812724328898531212e+03
1.907473992262373940e+03 1.826328882790514399e+03
1.909914610479649127e+03 1.834953945762194280e+03
1.912356263493431470e+03 1.851005791880434572e+03
1.914795470992288756e+03 1.875551301862558830e+03
1.917232234789826180e+03 1.900068900415839380e+03
1.919671772347297519e+03 1.926883868492032434e+03
1.922108866813872737e+03 1.948013811792203796e+03
1.924543520000679564e+03 1.978484441748581503e+03
1.926979207805721671e+03 2.006641137813247724e+03
1.929412455942816450e+03 2.023912072153458666e+03
1.931848474345777504e+03 2.030309928120033419e+03
1.934282053689454187e+03 2.039945962574689929e+03
1.936713195780830574e+03 2.038392974576036067e+03
1.939145371504764626e+03 2.038846867783226344e+03
1.941576845624007547e+03 2.039389150471476114e+03
1.944004151362540142e+03 2.033749591777539081e+03
1.946434224182627077e+03 2.042140752944281303e+03
1.948861863766942406e+03 2.048395799877064292e+03
